<!DOCTYPE HTML>
<html>
  <head>
    <meta charset="UTF-8">
    <title>AME results</title>
    <script type="text/javascript">
      //@JSON_VAR data
      var data = {
        "version": "5.1.0",
        "revision": "371987126514c06b76cc423634bbdd2f97fb48cc",
        "release": "Fri Oct 11 15:53:28 2019 -0700",
        "program": "AME",
        "cmd": [
          "ame", "--evalue-report-threshold", "1000", "--o", "c7",
          "--hit-lo-fraction", "0.3", "--control",
          "/home/ellora/projects/oksm_sen/ubi/c7_deg.fa",
          "/home/ellora/projects/oksm_sen/ubi/c7.fa",
          "/home/ellora/projects/faxdc2/ame/jaspar_insects.txt"
        ],
        "options": {
          "scoring": "avg_odds",
          "positive_list": "FASTA",
          "pvalue_method": "Fisher's exact test",
          "pseudocount": 0.1,
          "fisher_fasta_threshold": 0.001,
          "hit_lo_fraction": 0.3,
          "evalue_report_threshold": 1000,
          "noseq": false,
          "log_fscores": false,
          "log_pwmscores": false,
          "linreg_switchxy": true,
          "fix_partition": true,
          "partition": "number of primary sequences",
          "kmer": 2
        },
        "motif_dbs": [
          {
            "source": "/home/ellora/projects/faxdc2/ame/jaspar_insects.txt",
            "count": 143
          }
        ],
        "alphabet": {
          "name": "DNA",
          "like": "dna",
          "ncore": 4,
          "symbols": [
            {
              "symbol": "A",
              "name": "Adenine",
              "colour": "CC0000",
              "complement": "T"
            }, {
              "symbol": "C",
              "name": "Cytosine",
              "colour": "0000CC",
              "complement": "G"
            }, {
              "symbol": "G",
              "name": "Guanine",
              "colour": "FFB300",
              "complement": "C"
            }, {
              "symbol": "T",
              "aliases": "U",
              "name": "Thymine",
              "colour": "008000",
              "complement": "A"
            }, {
              "symbol": "N",
              "aliases": "X.",
              "name": "Any base",
              "equals": "ACGT"
            }, {
              "symbol": "V",
              "name": "Not T",
              "equals": "ACG"
            }, {
              "symbol": "H",
              "name": "Not G",
              "equals": "ACT"
            }, {
              "symbol": "D",
              "name": "Not C",
              "equals": "AGT"
            }, {
              "symbol": "B",
              "name": "Not A",
              "equals": "CGT"
            }, {
              "symbol": "M",
              "name": "Amino",
              "equals": "AC"
            }, {
              "symbol": "R",
              "name": "Purine",
              "equals": "AG"
            }, {
              "symbol": "W",
              "name": "Weak",
              "equals": "AT"
            }, {
              "symbol": "S",
              "name": "Strong",
              "equals": "CG"
            }, {
              "symbol": "Y",
              "name": "Pyrimidine",
              "equals": "CT"
            }, {
              "symbol": "K",
              "name": "Keto",
              "equals": "GT"
            }
          ]
        },
        "background": {
          "source": "--sequences--",
          "file": "/home/ellora/projects/oksm_sen/ubi/c7.fa",
          "frequencies": [0.288143, 0.211857, 0.211857, 0.288143]
        },
        "sequence_db": {
          "source": "/home/ellora/projects/oksm_sen/ubi/c7.fa",
          "count": 100,
          "skipped": 0,
          "fasta_scores": false
        },
        "control_db": {
          "source": "/home/ellora/projects/oksm_sen/ubi/c7_deg.fa",
          "count": 1182,
          "skipped": 0
        },
        "min_sequence_score": 3.81876e-09,
        "max_sequence_score": 160155,
        "max_median_sequence_score": 1.70113,
        "motifs": [
          {
            "db": 0,
            "id": "MA0916.1",
            "alt": "Ets21C",
            "len": 8,
            "motif_evalue": 0,
            "motif_nsites": 999,
            "url": "http://jaspar.genereg.net/matrix/MA0916.1",
            "pwm": [
              [0.00102974, 0.996918, 0.0010221, 0.00102974], 
              [0.00102874, 0.996921, 0.0010211, 0.00102874], 
              [0.00102874, 0.0010211, 0.996921, 0.00102874], 
              [0.00102874, 0.0010211, 0.996921, 0.00102874], 
              [0.996929, 0.0010211, 0.0010211, 0.00102874], 
              [0.896939, 0.0010211, 0.0010211, 0.101019], 
              [0.332996, 0.0010211, 0.664955, 0.00102874], 
              [0.00102874, 0.285993, 0.0010211, 0.711958]
            ],
            "pos": 100,
            "neg": 1182,
            "tp": 4,
            "fp": 8,
            "positive_thresh": 100,
            "true_positive_thresh": 20.6563,
            "number_of_tests": 138,
            "corrected_pvalue": "7.68e-1",
            "evalue": "1.10e2"
          }, {
            "db": 0,
            "id": "MA0218.1",
            "alt": "ct",
            "len": 6,
            "motif_evalue": 0,
            "motif_nsites": 20,
            "url": "http://jaspar.genereg.net/matrix/MA0218.1",
            "pwm": [
              [0.00143355, 0.299561, 0.00105401, 0.697951], 
              [0.0511848, 0.100557, 0.00105401, 0.847205], 
              [0.449195, 0.00105401, 0.548318, 0.00143355], 
              [0.996458, 0.00105401, 0.00105401, 0.00143355], 
              [0.847205, 0.00105401, 0.0508053, 0.100936], 
              [0.00143355, 0.946328, 0.0508053, 0.00143355]
            ],
            "pos": 100,
            "neg": 1182,
            "tp": 18,
            "fp": 100,
            "positive_thresh": 100,
            "true_positive_thresh": 1.59785,
            "number_of_tests": 514,
            "corrected_pvalue": "7.80e-1",
            "evalue": "1.12e2"
          }, {
            "db": 0,
            "id": "MA0533.1",
            "alt": "su(Hw)",
            "len": 21,
            "motif_evalue": 0,
            "motif_nsites": 4737,
            "url": "http://jaspar.genereg.net/matrix/MA0533.1",
            "pwm": [
              [0.0709356, 0.23918, 0.592772, 0.097112], 
              [0.051303, 0.86889, 0.00739332, 0.0724136], 
              [0.164242, 0.633514, 0.0487684, 0.153476], 
              [0.180496, 0.312432, 0.206249, 0.300823], 
              [0.584119, 0.123709, 0.195271, 0.096901], 
              [0.725767, 0.0439135, 0.111676, 0.118644], 
              [0.890213, 0.0196371, 0.0622792, 0.0278715], 
              [0.824139, 0.00401539, 0.0667121, 0.105134], 
              [0.0865573, 0.0496124, 0.793528, 0.0703026], 
              [0.00359501, 0.0930995, 0.02027, 0.883035], 
              [0.902668, 0.00443738, 0.020059, 0.0728355], 
              [0.00148405, 0.00232642, 0.240658, 0.755531], 
              [0.0420152, 0.00106045, 0.955441, 0.00148405], 
              [0.0244936, 0.969796, 0.00127145, 0.00443899], 
              [0.595519, 0.0867666, 0.00169344, 0.316022], 
              [0.716056, 0.0624902, 0.150518, 0.0709356], 
              [0.110411, 0.512977, 0.0403246, 0.336288], 
              [0.535144, 0.0747339, 0.297444, 0.0926791], 
              [0.383152, 0.271057, 0.162551, 0.18324], 
              [0.470969, 0.0943665, 0.0728339, 0.36183], 
              [0.421361, 0.0800108, 0.0741009, 0.424527]
            ],
            "pos": 100,
            "neg": 1182,
            "tp": 6,
            "fp": 20,
            "positive_thresh": 100,
            "true_positive_thresh": 291.114,
            "number_of_tests": 136,
            "corrected_pvalue": "8.14e-1",
            "evalue": "1.16e2"
          }, {
            "db": 0,
            "id": "MA0249.2",
            "alt": "twi",
            "len": 11,
            "motif_evalue": 0,
            "motif_nsites": 2896,
            "url": "http://jaspar.genereg.net/matrix/MA0249.2",
            "pwm": [
              [0.364638, 0.179214, 0.276586, 0.179562], 
              [0.239643, 0.277968, 0.184393, 0.297997], 
              [0.891899, 0.0573253, 0.0238325, 0.026943], 
              [0.00518977, 0.968206, 0.00829403, 0.0183103], 
              [0.98202, 0.00898501, 0.00380518, 0.00518977], 
              [0.00553476, 0.699223, 0.0531825, 0.24206], 
              [0.940239, 0.0196886, 0.0286663, 0.0114046], 
              [0.0107136, 0.0238325, 0.0158908, 0.949563], 
              [0.0473153, 0.0186527, 0.922282, 0.0117495], 
              [0.105324, 0.179214, 0.208564, 0.506898], 
              [0.320096, 0.203039, 0.247927, 0.228938]
            ],
            "pos": 100,
            "neg": 1182,
            "tp": 7,
            "fp": 23,
            "positive_thresh": 100,
            "true_positive_thresh": 9.46152,
            "number_of_tests": 310,
            "corrected_pvalue": "8.66e-1",
            "evalue": "1.24e2"
          }, {
            "db": 0,
            "id": "MA0456.1",
            "alt": "opa",
            "len": 12,
            "motif_evalue": 0,
            "motif_nsites": 18,
            "url": "http://jaspar.genereg.net/matrix/MA0456.1",
            "pwm": [
              [0.00159195, 0.0564195, 0.829899, 0.112089], 
              [0.554079, 0.387911, 0.0564195, 0.00159195], 
              [0.056841, 0.885148, 0.00117048, 0.056841], 
              [0.056841, 0.829899, 0.0564195, 0.056841], 
              [0.00159195, 0.885148, 0.0564195, 0.056841], 
              [0.00159195, 0.995646, 0.00117048, 0.00159195], 
              [0.00159195, 0.995646, 0.00117048, 0.00159195], 
              [0.00159195, 0.774651, 0.00117048, 0.222586], 
              [0.222586, 0.00117048, 0.719402, 0.056841], 
              [0.00159195, 0.774651, 0.111668, 0.112089], 
              [0.167338, 0.0564195, 0.222165, 0.554079], 
              [0.112089, 0.00117048, 0.885148, 0.00159195]
            ],
            "pos": 100,
            "neg": 1182,
            "tp": 2,
            "fp": 1,
            "positive_thresh": 100,
            "true_positive_thresh": 45.2978,
            "number_of_tests": 124,
            "corrected_pvalue": "8.81e-1",
            "evalue": "1.26e2"
          }, {
            "db": 0,
            "id": "MA1456.1",
            "alt": "Dref",
            "len": 10,
            "motif_evalue": 0,
            "motif_nsites": 3112,
            "url": "http://jaspar.genereg.net/matrix/MA1456.1",
            "pwm": [
              [0.261569, 0.196658, 0.35186, 0.189913], 
              [0.254178, 0.33033, 0.11472, 0.300771], 
              [9.25881e-06, 6.80751e-06, 6.80751e-06, 0.999977], 
              [0.999977, 6.80751e-06, 6.80751e-06, 9.25881e-06], 
              [9.25881e-06, 6.80751e-06, 6.80751e-06, 0.999977], 
              [9.25881e-06, 0.999975, 6.80751e-06, 9.25881e-06], 
              [9.25881e-06, 6.80751e-06, 0.999975, 9.25881e-06], 
              [0.999977, 6.80751e-06, 6.80751e-06, 9.25881e-06], 
              [0.117936, 0.0533471, 0.0392085, 0.789508], 
              [0.58643, 0.0604159, 0.147496, 0.205659]
            ],
            "pos": 100,
            "neg": 1182,
            "tp": 20,
            "fp": 128,
            "positive_thresh": 100,
            "true_positive_thresh": 5.39225,
            "number_of_tests": 339,
            "corrected_pvalue": "9.17e-1",
            "evalue": "1.31e2"
          }, {
            "db": 0,
            "id": "MA0011.1",
            "alt": "br(var.2)",
            "len": 8,
            "motif_evalue": 0,
            "motif_nsites": 12,
            "url": "http://jaspar.genereg.net/matrix/MA0011.1",
            "pwm": [
              [0.250315, 0.0843952, 0.0843952, 0.580893], 
              [0.415605, 0.16704, 0.0843952, 0.33296], 
              [0.00238135, 0.828197, 0.00175088, 0.167671], 
              [0.00238135, 0.0843952, 0.00175088, 0.911473], 
              [0.994117, 0.00175088, 0.00175088, 0.00238135], 
              [0.0850256, 0.0843952, 0.16704, 0.663539], 
              [0.167671, 0.00175088, 0.0843952, 0.746183], 
              [0.0850256, 0.16704, 0.0843952, 0.663539]
            ],
            "pos": 100,
            "neg": 1182,
            "tp": 4,
            "fp": 6,
            "positive_thresh": 100,
            "true_positive_thresh": 2.73095,
            "number_of_tests": 520,
            "corrected_pvalue": "9.29e-1",
            "evalue": "1.33e2"
          }, {
            "db": 0,
            "id": "MA1455.1",
            "alt": "dmrt99B",
            "len": 17,
            "motif_evalue": 0,
            "motif_nsites": 999,
            "url": "http://jaspar.genereg.net/matrix/MA1455.1",
            "pwm": [
              [0.289289, 0.150156, 0.115125, 0.445429], 
              [0.224455, 0.201404, 0.142292, 0.43185], 
              [0.0922036, 0.0380934, 0.809559, 0.0601428], 
              [0.341678, 0.288569, 0.0090383, 0.360714], 
              [0.348691, 0.0851827, 0.0390953, 0.52703], 
              [0.980893, 0.0040288, 0.0080364, 0.00704214], 
              [0.0100478, 0.956839, 0.0100402, 0.0230725], 
              [0.857658, 0.0080364, 0.0100402, 0.124264], 
              [0.93487, 0.0260446, 0.0390563, 2.88403e-05], 
              [0.13729, 0.0210611, 0.0110421, 0.830607], 
              [0.0411067, 0.012044, 0.934798, 0.0120516], 
              [0.00303454, 0.0040288, 0.002025, 0.990912], 
              [0.619205, 0.0350877, 0.0661466, 0.27956], 
              [0.356706, 0.0110421, 0.260516, 0.371735], 
              [0.0632125, 0.82742, 0.0270995, 0.0822676], 
              [0.479941, 0.155317, 0.200402, 0.164341], 
              [0.530036, 0.117243, 0.128265, 0.224455]
            ],
            "pos": 100,
            "neg": 1182,
            "tp": 9,
            "fp": 48,
            "positive_thresh": 100,
            "true_positive_thresh": 1.77539,
            "number_of_tests": 93,
            "corrected_pvalue": "9.31e-1",
            "evalue": "1.33e2"
          }, {
            "db": 0,
            "id": "MA0536.1",
            "alt": "pnr",
            "len": 11,
            "motif_evalue": 0,
            "motif_nsites": 869,
            "url": "http://jaspar.genereg.net/matrix/MA0536.1",
            "pwm": [
              [0.0943833, 0.207136, 0.00577771, 0.692703], 
              [0.922827, 2.43766e-05, 2.43766e-05, 0.0771243], 
              [3.31542e-05, 0.0368441, 0.00117524, 0.961947], 
              [3.31542e-05, 0.999909, 2.43766e-05, 3.31542e-05], 
              [3.31542e-05, 2.43766e-05, 0.999909, 3.31542e-05], 
              [0.999918, 2.43766e-05, 2.43766e-05, 3.31542e-05], 
              [3.31542e-05, 2.43766e-05, 2.43766e-05, 0.999918], 
              [0.66739, 2.43766e-05, 0.100128, 0.232457], 
              [0.141559, 2.43766e-05, 0.60985, 0.248567], 
              [0.0667685, 0.319896, 0.223244, 0.390092], 
              [0.104739, 0.314142, 0.126592, 0.454526]
            ],
            "pos": 100,
            "neg": 1182,
            "tp": 9,
            "fp": 39,
            "positive_thresh": 100,
            "true_positive_thresh": 31.0613,
            "number_of_tests": 323,
            "corrected_pvalue": "9.55e-1",
            "evalue": "1.37e2"
          }, {
            "db": 0,
            "id": "MA0213.1",
            "alt": "brk",
            "len": 8,
            "motif_evalue": 0,
            "motif_nsites": 10,
            "url": "http://jaspar.genereg.net/matrix/MA0213.1",
            "pwm": [
              [0.101863, 0.497147, 0.398137, 0.0028529], 
              [0.0028529, 0.398137, 0.00209759, 0.596912], 
              [0.0028529, 0.00209759, 0.992197, 0.0028529], 
              [0.0028529, 0.00209759, 0.992197, 0.0028529], 
              [0.0028529, 0.992197, 0.00209759, 0.0028529], 
              [0.101863, 0.00209759, 0.893187, 0.0028529], 
              [0.101863, 0.794177, 0.00209759, 0.101863], 
              [0.0028529, 0.497147, 0.101107, 0.398893]
            ],
            "pos": 100,
            "neg": 1182,
            "tp": 20,
            "fp": 127,
            "positive_thresh": 100,
            "true_positive_thresh": 6.0982,
            "number_of_tests": 518,
            "corrected_pvalue": "9.70e-1",
            "evalue": "1.39e2"
          }, {
            "db": 0,
            "id": "MA0529.2",
            "alt": "BEAF-32",
            "len": 12,
            "motif_evalue": 0,
            "motif_nsites": 5502,
            "url": "http://jaspar.genereg.net/matrix/MA0529.2",
            "pwm": [
              [0.322064, 0.190476, 0.282805, 0.204655], 
              [0.292984, 0.331696, 0.129228, 0.246093], 
              [0.0979675, 0.0836083, 0.0176335, 0.800791], 
              [0.936193, 0.00927268, 0.0174515, 0.0370816], 
              [0.0178169, 0.0203595, 0.0143616, 0.947462], 
              [0.00473115, 0.985628, 0.00236681, 0.0072751], 
              [0.0072751, 0.00236681, 0.985628, 0.00473115], 
              [0.947462, 0.0143616, 0.0203595, 0.0178169], 
              [0.0370816, 0.0174515, 0.00927268, 0.936193], 
              [0.800791, 0.0176335, 0.0836083, 0.0979675], 
              [0.246093, 0.129228, 0.331696, 0.292984], 
              [0.204655, 0.282805, 0.190476, 0.322064]
            ],
            "pos": 100,
            "neg": 1182,
            "tp": 19,
            "fp": 125,
            "positive_thresh": 100,
            "true_positive_thresh": 4.41759,
            "number_of_tests": 317,
            "corrected_pvalue": "9.76e-1",
            "evalue": "1.40e2"
          }, {
            "db": 0,
            "id": "MA0022.1",
            "alt": "dl",
            "len": 12,
            "motif_evalue": 0,
            "motif_nsites": 13,
            "url": "http://jaspar.genereg.net/matrix/MA0022.1",
            "pwm": [
              [0.00219957, 0.383296, 0.459632, 0.154871], 
              [0.00219957, 0.00161723, 0.917648, 0.0785354], 
              [0.00219957, 0.077953, 0.841312, 0.0785354], 
              [0.00219957, 0.00161723, 0.764976, 0.231207], 
              [0.0785354, 0.077953, 0.230625, 0.612887], 
              [0.0785354, 0.00161723, 0.154289, 0.765559], 
              [0.0785354, 0.00161723, 0.00161723, 0.91823], 
              [0.00219957, 0.00161723, 0.00161723, 0.994566], 
              [0.00219957, 0.230625, 0.00161723, 0.765559], 
              [0.0785354, 0.68864, 0.00161723, 0.231207], 
              [0.0785354, 0.68864, 0.077953, 0.154871], 
              [0.231207, 0.383296, 0.383296, 0.00219957]
            ],
            "pos": 100,
            "neg": 1182,
            "tp": 4,
            "fp": 10,
            "positive_thresh": 100,
            "true_positive_thresh": 21.5386,
            "number_of_tests": 286,
            "corrected_pvalue": "9.96e-1",
            "evalue": "1.42e2"
          }, {
            "db": 0,
            "id": "MA0458.1",
            "alt": "slp1",
            "len": 11,
            "motif_evalue": 0,
            "motif_nsites": 41,
            "url": "http://jaspar.genereg.net/matrix/MA0458.1",
            "pwm": [
              [0.195348, 0.0735084, 0.341148, 0.389996], 
              [0.000701079, 0.000515466, 0.000515466, 0.998268], 
              [0.073694, 0.000515466, 0.925089, 0.000701079], 
              [0.000701079, 0.000515466, 0.000515466, 0.998268], 
              [0.000701079, 0.000515466, 0.0248461, 0.973937], 
              [0.000701079, 0.000515466, 0.0491768, 0.949607], 
              [0.657636, 0.000515466, 0.0978391, 0.24401], 
              [0.0250317, 0.535795, 0.170832, 0.268341], 
              [0.414326, 0.195163, 0.365479, 0.0250317], 
              [0.0980247, 0.316817, 0.0735084, 0.51165], 
              [0.365665, 0.0735084, 0.0978391, 0.462989]
            ],
            "pos": 100,
            "neg": 1182,
            "tp": 16,
            "fp": 93,
            "positive_thresh": 100,
            "true_positive_thresh": 5.36536,
            "number_of_tests": 733,
            "corrected_pvalue": "9.96e-1",
            "evalue": "1.42e2"
          }, {
            "db": 0,
            "id": "MA0205.2",
            "alt": "Trl",
            "len": 12,
            "motif_evalue": 0,
            "motif_nsites": 6858,
            "url": "http://jaspar.genereg.net/matrix/MA0205.2",
            "pwm": [
              [0.322251, 0.193934, 0.391802, 0.0920119], 
              [0.381743, 0.196559, 0.287546, 0.134152], 
              [0.598858, 0.0870538, 0.277339, 0.0367487], 
              [0.964265, 0.00685599, 0.006419, 0.0224599], 
              [0.013273, 0.00787697, 0.952891, 0.0259588], 
              [0.983221, 0.00306504, 0.006419, 0.0072951], 
              [0.00146218, 0.00554401, 0.989053, 0.00394114], 
              [0.962807, 0.0265407, 0.00656499, 0.00408714], 
              [0.0205639, 0.00423203, 0.96791, 0.0072951], 
              [0.744379, 0.123215, 0.07218, 0.0602253], 
              [0.275299, 0.0905528, 0.554092, 0.080055], 
              [0.43511, 0.12686, 0.317729, 0.120299]
            ],
            "pos": 100,
            "neg": 1182,
            "tp": 10,
            "fp": 53,
            "positive_thresh": 100,
            "true_positive_thresh": 37.2077,
            "number_of_tests": 325,
            "corrected_pvalue": "9.99e-1",
            "evalue": "1.43e2"
          }, {
            "db": 0,
            "id": "MA0085.1",
            "alt": "Su(H)",
            "len": 16,
            "motif_evalue": 0,
            "motif_nsites": 10,
            "url": "http://jaspar.genereg.net/matrix/MA0085.1",
            "pwm": [
              [0.101863, 0.299127, 0.299127, 0.299883], 
              [0.0028529, 0.398137, 0.00209759, 0.596912], 
              [0.0028529, 0.00209759, 0.992197, 0.0028529], 
              [0.0028529, 0.00209759, 0.00209759, 0.992952], 
              [0.0028529, 0.00209759, 0.992197, 0.0028529], 
              [0.299883, 0.00209759, 0.695167, 0.0028529], 
              [0.0028529, 0.00209759, 0.992197, 0.0028529], 
              [0.992952, 0.00209759, 0.00209759, 0.0028529], 
              [0.992952, 0.00209759, 0.00209759, 0.0028529], 
              [0.497902, 0.497147, 0.00209759, 0.0028529], 
              [0.101863, 0.695167, 0.101107, 0.101863], 
              [0.101863, 0.200117, 0.398137, 0.299883], 
              [0.398893, 0.200117, 0.200117, 0.200873], 
              [0.299883, 0.101107, 0.398137, 0.200873], 
              [0.398893, 0.299127, 0.200117, 0.101863], 
              [0.200873, 0.101107, 0.200117, 0.497902]
            ],
            "pos": 100,
            "neg": 1182,
            "tp": 9,
            "fp": 62,
            "positive_thresh": 100,
            "true_positive_thresh": 1.47817,
            "number_of_tests": 79,
            "corrected_pvalue": "1.00e0",
            "evalue": "1.43e2"
          }, {
            "db": 0,
            "id": "MA1700.1",
            "alt": "Clamp",
            "len": 14,
            "motif_evalue": 0,
            "motif_nsites": 2651,
            "url": "http://jaspar.genereg.net/matrix/MA1700.1",
            "pwm": [
              [0.125242, 0.0943084, 0.712165, 0.0682843], 
              [0.403994, 0.171635, 0.142591, 0.28178], 
              [0.0713022, 0.0660185, 0.821554, 0.0411263], 
              [0.268956, 0.498669, 0.133538, 0.0988381], 
              [0.0279238, 0.0109466, 0.955083, 0.00604564], 
              [0.946788, 0.0120785, 0.0162274, 0.0249059], 
              [0.023397, 0.00415683, 0.9664, 0.00604564], 
              [0.122601, 0.753658, 0.0656415, 0.0580997], 
              [0.0117044, 0.00453482, 0.980733, 0.00302875], 
              [0.924533, 0.0105696, 0.0584748, 0.00642363], 
              [0.0267919, 0.0135875, 0.949425, 0.0101955], 
              [0.768749, 0.125239, 0.0445183, 0.0614945], 
              [0.0882765, 0.189364, 0.571468, 0.150891], 
              [0.47189, 0.123353, 0.362121, 0.0426343]
            ],
            "pos": 100,
            "neg": 1182,
            "tp": 6,
            "fp": 26,
            "positive_thresh": 100,
            "true_positive_thresh": 450.578,
            "number_of_tests": 296,
            "corrected_pvalue": "1.00e0",
            "evalue": "1.43e2"
          }, {
            "db": 0,
            "id": "MA1458.1",
            "alt": "Hsf",
            "len": 12,
            "motif_evalue": 0,
            "motif_nsites": 2122,
            "url": "http://jaspar.genereg.net/matrix/MA1458.1",
            "pwm": [
              [0.3049, 0.172481, 0.199341, 0.323278], 
              [0.25118, 0.209237, 0.198399, 0.341186], 
              [0.0348849, 0.0268697, 0.020273, 0.917972], 
              [0.0202766, 0.0179171, 0.0230999, 0.938706], 
              [0.00519733, 0.975459, 0.0103775, 0.00896716], 
              [0.0254604, 0.611197, 0.131484, 0.23186], 
              [0.933523, 0.0240429, 0.0230999, 0.0193337], 
              [0.0155638, 0.0174452, 0.959437, 0.00755322], 
              [0.940591, 0.0311115, 0.0136753, 0.0146219], 
              [0.912318, 0.0193301, 0.0235719, 0.0447805], 
              [0.314796, 0.211593, 0.221018, 0.252594], 
              [0.310084, 0.208765, 0.180962, 0.300188]
            ],
            "pos": 100,
            "neg": 1182,
            "tp": 18,
            "fp": 140,
            "positive_thresh": 100,
            "true_positive_thresh": 1.20469,
            "number_of_tests": 198,
            "corrected_pvalue": "1.00e0",
            "evalue": "1.43e2"
          }, {
            "db": 0,
            "id": "MA1462.1",
            "alt": "vfl",
            "len": 12,
            "motif_evalue": 0,
            "motif_nsites": 11731,
            "url": "http://jaspar.genereg.net/matrix/MA1462.1",
            "pwm": [
              [0.253857, 0.264854, 0.231182, 0.250107], 
              [0.249339, 0.235018, 0.233569, 0.282073], 
              [0.194614, 0.166482, 0.442671, 0.196233], 
              [0.00443542, 0.909379, 0.0153457, 0.0708399], 
              [0.974762, 0.00238879, 0.0138967, 0.00895338], 
              [0.00366842, 0.00494576, 0.988996, 0.00238944], 
              [0.00775939, 0.00451977, 0.984138, 0.00358243], 
              [0.00793039, 0.0587343, 0.00315578, 0.93018], 
              [0.976893, 0.0106577, 0.00801474, 0.00443542], 
              [0.182679, 0.148837, 0.585028, 0.0834557], 
              [0.278749, 0.24448, 0.282072, 0.194699], 
              [0.269116, 0.270139, 0.201517, 0.259228]
            ],
            "pos": 100,
            "neg": 1182,
            "tp": 15,
            "fp": 111,
            "positive_thresh": 100,
            "true_positive_thresh": 1.93327,
            "number_of_tests": 225,
            "corrected_pvalue": "1.00e0",
            "evalue": "1.43e2"
          }, {
            "db": 0,
            "id": "MA0201.1",
            "alt": "Ptx1",
            "len": 7,
            "motif_evalue": 0,
            "motif_nsites": 20,
            "url": "http://jaspar.genereg.net/matrix/MA0201.1",
            "pwm": [
              [0.00143355, 0.24981, 0.0508053, 0.697951], 
              [0.00143355, 0.00105401, 0.00105401, 0.996458], 
              [0.996458, 0.00105401, 0.00105401, 0.00143355], 
              [0.996458, 0.00105401, 0.00105401, 0.00143355], 
              [0.00143355, 0.00105401, 0.00105401, 0.996458], 
              [0.00143355, 0.996079, 0.00105401, 0.00143355], 
              [0.00143355, 0.946328, 0.00105401, 0.0511848]
            ],
            "pos": 100,
            "neg": 1182,
            "tp": 14,
            "fp": 104,
            "positive_thresh": 100,
            "true_positive_thresh": 3.59772,
            "number_of_tests": 195,
            "corrected_pvalue": "1.00e0",
            "evalue": "1.43e2"
          }, {
            "db": 0,
            "id": "MA0255.1",
            "alt": "z",
            "len": 10,
            "motif_evalue": 0,
            "motif_nsites": 41,
            "url": "http://jaspar.genereg.net/matrix/MA0255.1",
            "pwm": [
              [0.268341, 0.0735084, 0.12217, 0.535981], 
              [0.0250317, 0.170832, 0.0735084, 0.730628], 
              [0.0250317, 0.000515466, 0.973752, 0.000701079], 
              [0.998268, 0.000515466, 0.000515466, 0.000701079], 
              [0.0250317, 0.000515466, 0.973752, 0.000701079], 
              [0.195348, 0.243824, 0.000515466, 0.560312], 
              [0.0493624, 0.1465, 0.706112, 0.0980247], 
              [0.438657, 0.170832, 0.268156, 0.122355], 
              [0.24401, 0.12217, 0.292486, 0.341333], 
              [0.341333, 0.1465, 0.0491768, 0.462989]
            ],
            "pos": 100,
            "neg": 1182,
            "tp": 26,
            "fp": 206,
            "positive_thresh": 100,
            "true_positive_thresh": 1.6583,
            "number_of_tests": 500,
            "corrected_pvalue": "1.00e0",
            "evalue": "1.43e2"
          }, {
            "db": 0,
            "id": "MA0447.1",
            "alt": "gt",
            "len": 10,
            "motif_evalue": 0,
            "motif_nsites": 60,
            "url": "http://jaspar.genereg.net/matrix/MA0447.1",
            "pwm": [
              [0.46637, 0.0835468, 0.416326, 0.033757], 
              [0.00047944, 0.000352507, 0.000352507, 0.998816], 
              [0.0171187, 0.0169918, 0.0502693, 0.915621], 
              [0.898982, 0.000352507, 0.100186, 0.00047944], 
              [0.00047944, 0.882216, 0.000352507, 0.116952], 
              [0.116952, 0.000352507, 0.882216, 0.00047944], 
              [0.00047944, 0.100186, 0.000352507, 0.898982], 
              [0.915621, 0.0502693, 0.0169918, 0.0171187], 
              [0.998816, 0.000352507, 0.000352507, 0.00047944], 
              [0.033757, 0.416326, 0.0835468, 0.46637]
            ],
            "pos": 100,
            "neg": 1182,
            "tp": 10,
            "fp": 77,
            "positive_thresh": 100,
            "true_positive_thresh": 1.17397,
            "number_of_tests": 92,
            "corrected_pvalue": "1.00e0",
            "evalue": "1.43e2"
          }, {
            "db": 0,
            "id": "MA0193.1",
            "alt": "schlank",
            "len": 7,
            "motif_evalue": 0,
            "motif_nsites": 19,
            "url": "http://jaspar.genereg.net/matrix/MA0193.1",
            "pwm": [
              [0.0015086, 0.995874, 0.0011092, 0.0015086], 
              [0.0015086, 0.472313, 0.0011092, 0.525069], 
              [0.891561, 0.105821, 0.0011092, 0.0015086], 
              [0.053865, 0.943517, 0.0011092, 0.0015086], 
              [0.0015086, 0.629382, 0.0011092, 0.368001], 
              [0.943917, 0.0011092, 0.0534656, 0.0015086], 
              [0.629781, 0.0011092, 0.210533, 0.158577]
            ],
            "pos": 100,
            "neg": 1182,
            "tp": 11,
            "fp": 66,
            "positive_thresh": 100,
            "true_positive_thresh": 2.63162,
            "number_of_tests": 456,
            "corrected_pvalue": "1.00e0",
            "evalue": "1.43e2"
          }, {
            "db": 0,
            "id": "MA0234.1",
            "alt": "oc",
            "len": 6,
            "motif_evalue": 0,
            "motif_nsites": 19,
            "url": "http://jaspar.genereg.net/matrix/MA0234.1",
            "pwm": [
              [0.0015086, 0.0011092, 0.0011092, 0.996273], 
              [0.996273, 0.0011092, 0.0011092, 0.0015086], 
              [0.996273, 0.0011092, 0.0011092, 0.0015086], 
              [0.0015086, 0.0011092, 0.105821, 0.891561], 
              [0.0015086, 0.995874, 0.0011092, 0.0015086], 
              [0.0015086, 0.891162, 0.0534656, 0.053865]
            ],
            "pos": 100,
            "neg": 1182,
            "tp": 26,
            "fp": 214,
            "positive_thresh": 100,
            "true_positive_thresh": 1.36972,
            "number_of_tests": 385,
            "corrected_pvalue": "1.00e0",
            "evalue": "1.43e2"
          }, {
            "db": 0,
            "id": "MA0187.1",
            "alt": "Dll",
            "len": 7,
            "motif_evalue": 0,
            "motif_nsites": 23,
            "url": "http://jaspar.genereg.net/matrix/MA0187.1",
            "pwm": [
              [0.0445372, 0.000917128, 0.000917128, 0.953629], 
              [0.953629, 0.000917128, 0.0442069, 0.00124737], 
              [0.996918, 0.000917128, 0.000917128, 0.00124737], 
              [0.00124737, 0.000917128, 0.000917128, 0.996918], 
              [0.131118, 0.000917128, 0.130787, 0.737178], 
              [0.434148, 0.000917128, 0.390527, 0.174408], 
              [0.0445372, 0.520398, 0.174077, 0.260988]
            ],
            "pos": 100,
            "neg": 1182,
            "tp": 18,
            "fp": 127,
            "positive_thresh": 100,
            "true_positive_thresh": 2.06555,
            "number_of_tests": 614,
            "corrected_pvalue": "1.00e0",
            "evalue": "1.43e2"
          }, {
            "db": 0,
            "id": "MA0530.1",
            "alt": "cnc::maf-S",
            "len": 15,
            "motif_evalue": 0,
            "motif_nsites": 474,
            "url": "http://jaspar.genereg.net/matrix/MA0530.1",
            "pwm": [
              [0.299576, 0.238391, 0.335417, 0.126616], 
              [0.717209, 0.0422298, 0.2405, 6.07769e-05], 
              [6.07769e-05, 4.46861e-05, 4.46861e-05, 0.99985], 
              [6.07769e-05, 4.46861e-05, 0.999834, 6.07769e-05], 
              [0.85853, 0.0970702, 0.0443393, 6.07769e-05], 
              [6.07769e-05, 0.615949, 0.168785, 0.215205], 
              [0.168801, 4.46861e-05, 0.356509, 0.474645], 
              [0.164583, 0.453535, 0.189878, 0.192003], 
              [0.28692, 0.06965, 0.343854, 0.299576], 
              [0.0506831, 4.46861e-05, 0.890152, 0.0591203], 
              [6.07769e-05, 0.999834, 4.46861e-05, 6.07769e-05], 
              [0.776268, 4.46861e-05, 0.223627, 6.07769e-05], 
              [0.280593, 0.27003, 0.208862, 0.240516], 
              [0.466207, 0.132928, 4.46861e-05, 0.40082], 
              [0.451443, 0.0253553, 4.46861e-05, 0.523157]
            ],
            "pos": 100,
            "neg": 1182,
            "tp": 13,
            "fp": 101,
            "positive_thresh": 100,
            "true_positive_thresh": 1.90477,
            "number_of_tests": 177,
            "corrected_pvalue": "1.00e0",
            "evalue": "1.43e2"
          }, {
            "db": 0,
            "id": "MA0212.1",
            "alt": "bcd",
            "len": 6,
            "motif_evalue": 0,
            "motif_nsites": 22,
            "url": "http://jaspar.genereg.net/matrix/MA0212.1",
            "pwm": [
              [0.00130382, 0.000958627, 0.000958627, 0.996779], 
              [0.906281, 0.000958627, 0.000958627, 0.0918015], 
              [0.996779, 0.000958627, 0.000958627, 0.00130382], 
              [0.00130382, 0.000958627, 0.0462079, 0.95153], 
              [0.00130382, 0.996434, 0.000958627, 0.00130382], 
              [0.00130382, 0.951184, 0.000958627, 0.0465531]
            ],
            "pos": 100,
            "neg": 1182,
            "tp": 17,
            "fp": 127,
            "positive_thresh": 100,
            "true_positive_thresh": 1.51927,
            "number_of_tests": 385,
            "corrected_pvalue": "1.00e0",
            "evalue": "1.43e2"
          }, {
            "db": 0,
            "id": "MA1460.1",
            "alt": "pho",
            "len": 11,
            "motif_evalue": 0,
            "motif_nsites": 6951,
            "url": "http://jaspar.genereg.net/matrix/MA1460.1",
            "pwm": [
              [0.32988, 0.250035, 0.183571, 0.236514], 
              [0.324557, 0.170048, 0.294921, 0.210474], 
              [0.890654, 0.0427304, 0.0385585, 0.0280577], 
              [0.0149659, 0.0221577, 0.0178418, 0.945035], 
              [0.0205768, 0.0457514, 0.906766, 0.0269068], 
              [0.0166919, 0.0215827, 0.937409, 0.0243168], 
              [0.0430185, 0.874684, 0.0394215, 0.0428755], 
              [0.0489174, 0.753265, 0.132788, 0.0650302], 
              [0.0716471, 0.0257547, 0.862457, 0.0401416], 
              [0.268451, 0.346135, 0.177672, 0.207741], 
              [0.190621, 0.361241, 0.215796, 0.232342]
            ],
            "pos": 100,
            "neg": 1182,
            "tp": 4,
            "fp": 13,
            "positive_thresh": 100,
            "true_positive_thresh": 14.2283,
            "number_of_tests": 541,
            "corrected_pvalue": "1.00e0",
            "evalue": "1.43e2"
          }, {
            "db": 0,
            "id": "MA0222.1",
            "alt": "exd",
            "len": 8,
            "motif_evalue": 0,
            "motif_nsites": 17,
            "url": "http://jaspar.genereg.net/matrix/MA0222.1",
            "pwm": [
              [0.235603, 0.235157, 0.235157, 0.294083], 
              [0.060165, 0.00123893, 0.118198, 0.820398], 
              [0.00168505, 0.00123893, 0.00123893, 0.995837], 
              [0.00168505, 0.00123893, 0.00123893, 0.995837], 
              [0.00168505, 0.00123893, 0.995391, 0.00168505], 
              [0.995837, 0.00123893, 0.00123893, 0.00168505], 
              [0.00168505, 0.702993, 0.00123893, 0.294083], 
              [0.64496, 0.00123893, 0.352116, 0.00168505]
            ],
            "pos": 100,
            "neg": 1182,
            "tp": 6,
            "fp": 30,
            "positive_thresh": 100,
            "true_positive_thresh": 3.48145,
            "number_of_tests": 382,
            "corrected_pvalue": "1.00e0",
            "evalue": "1.43e2"
          }, {
            "db": 0,
            "id": "MA0023.1",
            "alt": "dl(var.2)",
            "len": 10,
            "motif_evalue": 0,
            "motif_nsites": 9,
            "url": "http://jaspar.genereg.net/matrix/MA0023.1",
            "pwm": [
              [0.00316641, 0.112218, 0.771559, 0.113056], 
              [0.00316641, 0.00232809, 0.771559, 0.222946], 
              [0.00316641, 0.00232809, 0.991339, 0.00316641], 
              [0.00316641, 0.00232809, 0.881449, 0.113056], 
              [0.442726, 0.112218, 0.00232809, 0.442726], 
              [0.222946, 0.112218, 0.00232809, 0.662507], 
              [0.00316641, 0.00232809, 0.00232809, 0.992177], 
              [0.00316641, 0.112218, 0.00232809, 0.882287], 
              [0.00316641, 0.991339, 0.00232809, 0.00316641], 
              [0.113056, 0.881449, 0.00232809, 0.00316641]
            ],
            "pos": 100,
            "neg": 1182,
            "tp": 9,
            "fp": 64,
            "positive_thresh": 100,
            "true_positive_thresh": 7.21838,
            "number_of_tests": 199,
            "corrected_pvalue": "1.00e0",
            "evalue": "1.43e2"
          }, {
            "db": 0,
            "id": "MA0443.1",
            "alt": "btd",
            "len": 10,
            "motif_evalue": 0,
            "motif_nsites": 30,
            "url": "http://jaspar.genereg.net/matrix/MA0443.1",
            "pwm": [
              [0.466074, 0.100372, 0.233262, 0.200293], 
              [0.333183, 0.000703843, 0.665156, 0.000957287], 
              [0.133847, 0.000703843, 0.59871, 0.266738], 
              [0.0674028, 0.000703843, 0.930936, 0.000957287], 
              [0.000957287, 0.000703843, 0.997382, 0.000957287], 
              [0.000957287, 0.000703843, 0.997382, 0.000957287], 
              [0.0674028, 0.930936, 0.000703843, 0.000957287], 
              [0.000957287, 0.000703843, 0.997382, 0.000957287], 
              [0.000957287, 0.000703843, 0.665156, 0.333183], 
              [0.499296, 0.0339261, 0.332929, 0.133847]
            ],
            "pos": 100,
            "neg": 1182,
            "tp": 2,
            "fp": 4,
            "positive_thresh": 100,
            "true_positive_thresh": 38.0808,
            "number_of_tests": 302,
