<!DOCTYPE HTML>
<html>
  <head>
    <meta charset="UTF-8">
    <title>AME results</title>
    <script type="text/javascript">
      //@JSON_VAR data
      var data = {
        "version": "5.1.0",
        "revision": "371987126514c06b76cc423634bbdd2f97fb48cc",
        "release": "Fri Oct 11 15:53:28 2019 -0700",
        "program": "AME",
        "cmd": [
          "ame", "--evalue-report-threshold", "1000", "--o", "c4",
          "--hit-lo-fraction", "0.3", "--control",
          "/home/ellora/projects/oksm_sen/ubi/c4_deg.fa",
          "/home/ellora/projects/oksm_sen/ubi/c4.fa",
          "/home/ellora/projects/faxdc2/ame/jaspar_insects.txt"
        ],
        "options": {
          "scoring": "avg_odds",
          "positive_list": "FASTA",
          "pvalue_method": "Fisher's exact test",
          "pseudocount": 0.1,
          "fisher_fasta_threshold": 0.001,
          "hit_lo_fraction": 0.3,
          "evalue_report_threshold": 1000,
          "noseq": false,
          "log_fscores": false,
          "log_pwmscores": false,
          "linreg_switchxy": true,
          "fix_partition": true,
          "partition": "number of primary sequences",
          "kmer": 2
        },
        "motif_dbs": [
          {
            "source": "/home/ellora/projects/faxdc2/ame/jaspar_insects.txt",
            "count": 143
          }
        ],
        "alphabet": {
          "name": "DNA",
          "like": "dna",
          "ncore": 4,
          "symbols": [
            {
              "symbol": "A",
              "name": "Adenine",
              "colour": "CC0000",
              "complement": "T"
            }, {
              "symbol": "C",
              "name": "Cytosine",
              "colour": "0000CC",
              "complement": "G"
            }, {
              "symbol": "G",
              "name": "Guanine",
              "colour": "FFB300",
              "complement": "C"
            }, {
              "symbol": "T",
              "aliases": "U",
              "name": "Thymine",
              "colour": "008000",
              "complement": "A"
            }, {
              "symbol": "N",
              "aliases": "X.",
              "name": "Any base",
              "equals": "ACGT"
            }, {
              "symbol": "V",
              "name": "Not T",
              "equals": "ACG"
            }, {
              "symbol": "H",
              "name": "Not G",
              "equals": "ACT"
            }, {
              "symbol": "D",
              "name": "Not C",
              "equals": "AGT"
            }, {
              "symbol": "B",
              "name": "Not A",
              "equals": "CGT"
            }, {
              "symbol": "M",
              "name": "Amino",
              "equals": "AC"
            }, {
              "symbol": "R",
              "name": "Purine",
              "equals": "AG"
            }, {
              "symbol": "W",
              "name": "Weak",
              "equals": "AT"
            }, {
              "symbol": "S",
              "name": "Strong",
              "equals": "CG"
            }, {
              "symbol": "Y",
              "name": "Pyrimidine",
              "equals": "CT"
            }, {
              "symbol": "K",
              "name": "Keto",
              "equals": "GT"
            }
          ]
        },
        "background": {
          "source": "--sequences--",
          "file": "/home/ellora/projects/oksm_sen/ubi/c4.fa",
          "frequencies": [0.291803, 0.208197, 0.208197, 0.291803]
        },
        "sequence_db": {
          "source": "/home/ellora/projects/oksm_sen/ubi/c4.fa",
          "count": 133,
          "skipped": 0,
          "fasta_scores": false
        },
        "control_db": {
          "source": "/home/ellora/projects/oksm_sen/ubi/c4_deg.fa",
          "count": 1149,
          "skipped": 0
        },
        "min_sequence_score": 3.78414e-09,
        "max_sequence_score": 161019,
        "max_median_sequence_score": 1.60234,
        "motifs": [
          {
            "db": 0,
            "id": "MA0454.1",
            "alt": "odd",
            "len": 11,
            "motif_evalue": 0,
            "motif_nsites": 15,
            "url": "http://jaspar.genereg.net/matrix/MA0454.1",
            "pwm": [
              [0.465509, 0.332504, 0.00137879, 0.200608], 
              [0.664184, 0.332504, 0.00137879, 0.00193247], 
              [0.00193247, 0.928531, 0.0676043, 0.00193247], 
              [0.796634, 0.00137879, 0.200054, 0.00193247], 
              [0.00193247, 0.00137879, 0.994756, 0.00193247], 
              [0.00193247, 0.00137879, 0.00137879, 0.99531], 
              [0.99531, 0.00137879, 0.00137879, 0.00193247], 
              [0.00193247, 0.00137879, 0.994756, 0.00193247], 
              [0.00193247, 0.994756, 0.00137879, 0.00193247], 
              [0.730409, 0.200054, 0.0676043, 0.00193247], 
              [0.333058, 0.26628, 0.39873, 0.00193247]
            ],
            "pos": 133,
            "neg": 1149,
            "tp": 3,
            "fp": 3,
            "positive_thresh": 133,
            "true_positive_thresh": 95.3343,
            "number_of_tests": 45,
            "corrected_pvalue": "5.43e-1",
            "evalue": "7.77e1"
          }, {
            "db": 0,
            "id": "MA0173.1",
            "alt": "CG11617",
            "len": 7,
            "motif_evalue": 0,
            "motif_nsites": 17,
            "url": "http://jaspar.genereg.net/matrix/MA0173.1",
            "pwm": [
              [0.0601865, 0.00121753, 0.00121753, 0.937378], 
              [0.00170645, 0.00121753, 0.00121753, 0.995858], 
              [0.586501, 0.00121753, 0.176657, 0.235624], 
              [0.995858, 0.00121753, 0.00121753, 0.00170645], 
              [0.00170645, 0.99537, 0.00121753, 0.00170645], 
              [0.995858, 0.00121753, 0.00121753, 0.00170645], 
              [0.00170645, 0.00121753, 0.00121753, 0.995858]
            ],
            "pos": 133,
            "neg": 1149,
            "tp": 17,
            "fp": 65,
            "positive_thresh": 133,
            "true_positive_thresh": 3.04258,
            "number_of_tests": 380,
            "corrected_pvalue": "6.78e-1",
            "evalue": "9.70e1"
          }, {
            "db": 0,
            "id": "MA0246.1",
            "alt": "so",
            "len": 6,
            "motif_evalue": 0,
            "motif_nsites": 27,
            "url": "http://jaspar.genereg.net/matrix/MA0246.1",
            "pwm": [
              [0.00107676, 0.000768254, 0.0376686, 0.960486], 
              [0.00107676, 0.000768254, 0.997078, 0.00107676], 
              [0.997387, 0.000768254, 0.000768254, 0.00107676], 
              [0.00107676, 0.000768254, 0.0376686, 0.960486], 
              [0.997387, 0.000768254, 0.000768254, 0.00107676], 
              [0.00107676, 0.767161, 0.000768254, 0.230994]
            ],
            "pos": 133,
            "neg": 1149,
            "tp": 19,
            "fp": 80,
            "positive_thresh": 133,
            "true_positive_thresh": 1.47683,
            "number_of_tests": 315,
            "corrected_pvalue": "7.42e-1",
            "evalue": "1.06e2"
          }, {
            "db": 0,
            "id": "MA0244.1",
            "alt": "slbo",
            "len": 8,
            "motif_evalue": 0,
            "motif_nsites": 12,
            "url": "http://jaspar.genereg.net/matrix/MA0244.1",
            "pwm": [
              [0.746213, 0.0843649, 0.0843649, 0.0850559], 
              [0.0024116, 0.0843649, 0.00172063, 0.911503], 
              [0.0024116, 0.00172063, 0.249655, 0.746213], 
              [0.250345, 0.16701, 0.580233, 0.0024116], 
              [0.167701, 0.828167, 0.00172063, 0.0024116], 
              [0.580924, 0.16701, 0.16701, 0.0850559], 
              [0.498279, 0.414944, 0.0843649, 0.0024116], 
              [0.911503, 0.0843649, 0.00172063, 0.0024116]
            ],
            "pos": 133,
            "neg": 1149,
            "tp": 5,
            "fp": 5,
            "positive_thresh": 133,
            "true_positive_thresh": 3.98331,
            "number_of_tests": 798,
            "corrected_pvalue": "7.68e-1",
            "evalue": "1.10e2"
          }, {
            "db": 0,
            "id": "MA0012.1",
            "alt": "br(var.3)",
            "len": 11,
            "motif_evalue": 0,
            "motif_nsites": 12,
            "url": "http://jaspar.genereg.net/matrix/MA0012.1",
            "pwm": [
              [0.250345, 0.0843649, 0.0843649, 0.580924], 
              [0.746213, 0.16701, 0.0843649, 0.0024116], 
              [0.828858, 0.00172063, 0.00172063, 0.167701], 
              [0.994147, 0.00172063, 0.00172063, 0.0024116], 
              [0.0024116, 0.828167, 0.0843649, 0.0850559], 
              [0.33299, 0.00172063, 0.00172063, 0.663569], 
              [0.828858, 0.00172063, 0.00172063, 0.167701], 
              [0.498279, 0.00172063, 0.332299, 0.167701], 
              [0.498279, 0.0843649, 0.16701, 0.250345], 
              [0.33299, 0.249655, 0.16701, 0.250345], 
              [0.167701, 0.249655, 0.414944, 0.167701]
            ],
            "pos": 133,
            "neg": 1149,
            "tp": 86,
            "fp": 594,
            "positive_thresh": 133,
            "true_positive_thresh": 1.04077,
            "number_of_tests": 696,
            "corrected_pvalue": "8.63e-1",
            "evalue": "1.23e2"
          }, {
            "db": 0,
            "id": "MA0237.2",
            "alt": "pan",
            "len": 14,
            "motif_evalue": 0,
            "motif_nsites": 71,
            "url": "http://jaspar.genereg.net/matrix/MA0237.2",
            "pwm": [
              [0.000410412, 0.000292823, 0.478492, 0.520804], 
              [0.000410412, 0.998886, 0.000292823, 0.000410412], 
              [0.000410412, 0.000292823, 0.998886, 0.000410412], 
              [0.000410412, 0.281587, 0.56288, 0.155123], 
              [0.0988637, 0.605075, 0.0424874, 0.253575], 
              [0.155123, 0.14094, 0.267522, 0.436416], 
              [0.0988637, 0.56288, 0.000292823, 0.337963], 
              [0.000410412, 0.422234, 0.211264, 0.366092], 
              [0.000410412, 0.000292823, 0.000292823, 0.999004], 
              [0.000410412, 0.000292823, 0.000292823, 0.999004], 
              [0.000410412, 0.000292823, 0.155005, 0.844292], 
              [0.155123, 0.126876, 0.576946, 0.141057], 
              [0.47861, 0.000292823, 0.295652, 0.225445], 
              [0.309834, 0.000292823, 0.000292823, 0.689581]
            ],
            "pos": 133,
            "neg": 1149,
            "tp": 8,
            "fp": 23,
            "positive_thresh": 133,
            "true_positive_thresh": 13.6694,
            "number_of_tests": 217,
            "corrected_pvalue": "9.06e-1",
            "evalue": "1.29e2"
          }, {
            "db": 0,
            "id": "MA0222.1",
            "alt": "exd",
            "len": 8,
            "motif_evalue": 0,
            "motif_nsites": 17,
            "url": "http://jaspar.genereg.net/matrix/MA0222.1",
            "pwm": [
              [0.235624, 0.235136, 0.235136, 0.294104], 
              [0.0601865, 0.00121753, 0.118177, 0.820419], 
              [0.00170645, 0.00121753, 0.00121753, 0.995858], 
              [0.00170645, 0.00121753, 0.00121753, 0.995858], 
              [0.00170645, 0.00121753, 0.99537, 0.00170645], 
              [0.995858, 0.00121753, 0.00121753, 0.00170645], 
              [0.00170645, 0.702972, 0.00121753, 0.294104], 
              [0.644981, 0.00121753, 0.352095, 0.00170645]
            ],
            "pos": 133,
            "neg": 1149,
            "tp": 14,
            "fp": 55,
            "positive_thresh": 133,
            "true_positive_thresh": 2.77142,
            "number_of_tests": 368,
            "corrected_pvalue": "9.58e-1",
            "evalue": "1.37e2"
          }, {
            "db": 0,
            "id": "MA0217.1",
            "alt": "caup",
            "len": 5,
            "motif_evalue": 0,
            "motif_nsites": 19,
            "url": "http://jaspar.genereg.net/matrix/MA0217.1",
            "pwm": [
              [0.210952, 0.0534465, 0.105802, 0.6298], 
              [0.734512, 0.00109004, 0.105802, 0.158596], 
              [0.996292, 0.00109004, 0.00109004, 0.00152777], 
              [0.00152777, 0.995854, 0.00109004, 0.00152777], 
              [0.996292, 0.00109004, 0.00109004, 0.00152777]
            ],
            "pos": 133,
            "neg": 1149,
            "tp": 25,
            "fp": 123,
            "positive_thresh": 133,
            "true_positive_thresh": 1.36609,
            "number_of_tests": 499,
            "corrected_pvalue": "9.59e-1",
            "evalue": "1.37e2"
          }, {
            "db": 0,
            "id": "MA0450.1",
            "alt": "hkb",
            "len": 9,
            "motif_evalue": 0,
            "motif_nsites": 32,
            "url": "http://jaspar.genereg.net/matrix/MA0450.1",
            "pwm": [
              [0.094367, 0.000648588, 0.561396, 0.343588], 
              [0.25013, 0.000648588, 0.748312, 0.000909044], 
              [0.000909044, 0.000648588, 0.997533, 0.000909044], 
              [0.000909044, 0.000648588, 0.997533, 0.000909044], 
              [0.000909044, 0.997533, 0.000648588, 0.000909044], 
              [0.000909044, 0.000648588, 0.997533, 0.000909044], 
              [0.000909044, 0.000648588, 0.0941065, 0.904336], 
              [0.000909044, 0.000648588, 0.966381, 0.0320617], 
              [0.748573, 0.0941065, 0.0629539, 0.094367]
            ],
            "pos": 133,
            "neg": 1149,
            "tp": 3,
            "fp": 3,
            "positive_thresh": 133,
            "true_positive_thresh": 41.7969,
            "number_of_tests": 186,
            "corrected_pvalue": "9.60e-1",
            "evalue": "1.37e2"
          }, {
            "db": 0,
            "id": "MA0204.1",
            "alt": "Six4",
            "len": 6,
            "motif_evalue": 0,
            "motif_nsites": 20,
            "url": "http://jaspar.genereg.net/matrix/MA0204.1",
            "pwm": [
              [0.00145176, 0.00103581, 0.00103581, 0.996477], 
              [0.00145176, 0.00103581, 0.996061, 0.00145176], 
              [0.996477, 0.00103581, 0.00103581, 0.00145176], 
              [0.00145176, 0.349295, 0.200041, 0.449213], 
              [0.996477, 0.00103581, 0.00103581, 0.00145176], 
              [0.051203, 0.946309, 0.00103581, 0.00145176]
            ],
            "pos": 133,
            "neg": 1149,
            "tp": 24,
            "fp": 127,
            "positive_thresh": 133,
            "true_positive_thresh": 1.27143,
            "number_of_tests": 227,
            "corrected_pvalue": "9.76e-1",
            "evalue": "1.40e2"
          }, {
            "db": 0,
            "id": "MA0249.2",
            "alt": "twi",
            "len": 11,
            "motif_evalue": 0,
            "motif_nsites": 2896,
            "url": "http://jaspar.genereg.net/matrix/MA0249.2",
            "pwm": [
              [0.364638, 0.179214, 0.276586, 0.179562], 
              [0.239643, 0.277968, 0.184393, 0.297997], 
              [0.891899, 0.0573252, 0.0238324, 0.0269431], 
              [0.0051899, 0.968206, 0.0082939, 0.0183104], 
              [0.98202, 0.00898488, 0.00380506, 0.0051899], 
              [0.00553488, 0.699223, 0.0531824, 0.24206], 
              [0.94024, 0.0196885, 0.0286662, 0.0114047], 
              [0.0107137, 0.0238324, 0.0158906, 0.949563], 
              [0.0473154, 0.0186525, 0.922282, 0.0117497], 
              [0.105324, 0.179214, 0.208564, 0.506899], 
              [0.320096, 0.203039, 0.247927, 0.228938]
            ],
            "pos": 133,
            "neg": 1149,
            "tp": 43,
            "fp": 267,
            "positive_thresh": 133,
            "true_positive_thresh": 1.01246,
            "number_of_tests": 311,
            "corrected_pvalue": "9.91e-1",
            "evalue": "1.42e2"
          }, {
            "db": 0,
            "id": "MA1457.1",
            "alt": "grh",
            "len": 13,
            "motif_evalue": 0,
            "motif_nsites": 3332,
            "url": "http://jaspar.genereg.net/matrix/MA1457.1",
            "pwm": [
              [0.351138, 0.219088, 0.265004, 0.16477], 
              [0.574722, 0.143159, 0.160565, 0.121554], 
              [0.927352, 0.00810901, 0.0267164, 0.0378226], 
              [0.963665, 0.00600807, 0.0171127, 0.0132134], 
              [0.0087115, 0.979869, 0.00540809, 0.00601058], 
              [0.0561291, 0.84782, 0.0597285, 0.0363227], 
              [0.574422, 0.0582275, 0.2515, 0.115851], 
              [0.00601058, 0.0171127, 0.966664, 0.0102125], 
              [0.0147143, 0.0102099, 0.00690904, 0.968167], 
              [0.0174152, 0.0288174, 0.00690904, 0.946859], 
              [0.107449, 0.170769, 0.122152, 0.599631], 
              [0.16387, 0.235893, 0.245497, 0.35474], 
              [0.226293, 0.28001, 0.234993, 0.258704]
            ],
            "pos": 133,
            "neg": 1149,
            "tp": 6,
            "fp": 17,
            "positive_thresh": 133,
            "true_positive_thresh": 24.8897,
            "number_of_tests": 276,
            "corrected_pvalue": "9.99e-1",
            "evalue": "1.43e2"
          }, {
            "db": 0,
            "id": "MA1455.1",
            "alt": "dmrt99B",
            "len": 17,
            "motif_evalue": 0,
            "motif_nsites": 999,
            "url": "http://jaspar.genereg.net/matrix/MA1455.1",
            "pwm": [
              [0.289289, 0.150156, 0.115124, 0.44543], 
              [0.224456, 0.201404, 0.142292, 0.43185], 
              [0.092204, 0.038093, 0.809559, 0.0601432], 
              [0.341678, 0.288569, 0.00903794, 0.360714], 
              [0.348691, 0.0851823, 0.0390949, 0.52703], 
              [0.980893, 0.00402844, 0.00803604, 0.0070425], 
              [0.0100482, 0.956839, 0.0100398, 0.0230729], 
              [0.857658, 0.00803604, 0.0100398, 0.124265], 
              [0.934871, 0.0260442, 0.0390559, 2.92066e-05], 
              [0.13729, 0.0210607, 0.0110417, 0.830607], 
              [0.0411071, 0.0120436, 0.934797, 0.012052], 
              [0.00303491, 0.00402844, 0.00202464, 0.990912], 
              [0.619205, 0.0350873, 0.0661462, 0.27956], 
              [0.356707, 0.0110417, 0.260516, 0.371735], 
              [0.0632129, 0.82742, 0.0270991, 0.082268], 
              [0.479941, 0.155316, 0.200402, 0.164342], 
              [0.530036, 0.117243, 0.128265, 0.224456]
            ],
            "pos": 133,
            "neg": 1149,
            "tp": 4,
            "fp": 13,
            "positive_thresh": 133,
            "true_positive_thresh": 7.89819,
            "number_of_tests": 93,
            "corrected_pvalue": "1.00e0",
            "evalue": "1.43e2"
          }, {
            "db": 0,
            "id": "MA0233.1",
            "alt": "mirr",
            "len": 5,
            "motif_evalue": 0,
            "motif_nsites": 41,
            "url": "http://jaspar.genereg.net/matrix/MA0233.1",
            "pwm": [
              [0.487328, 0.0248372, 0.0248372, 0.462997], 
              [0.706306, 0.000506562, 0.0491679, 0.244019], 
              [0.998277, 0.000506562, 0.000506562, 0.000709983], 
              [0.000709983, 0.998073, 0.000506562, 0.000709983], 
              [0.998277, 0.000506562, 0.000506562, 0.000709983]
            ],
            "pos": 133,
            "neg": 1149,
            "tp": 54,
            "fp": 354,
            "positive_thresh": 133,
            "true_positive_thresh": 1.29677,
            "number_of_tests": 708,
            "corrected_pvalue": "1.00e0",
            "evalue": "1.43e2"
          }, {
            "db": 0,
            "id": "MA1458.1",
            "alt": "Hsf",
            "len": 12,
            "motif_evalue": 0,
            "motif_nsites": 2122,
            "url": "http://jaspar.genereg.net/matrix/MA1458.1",
            "pwm": [
              [0.3049, 0.172481, 0.19934, 0.323279], 
              [0.25118, 0.209237, 0.198398, 0.341186], 
              [0.0348851, 0.0268695, 0.0202729, 0.917972], 
              [0.0202768, 0.017917, 0.0230997, 0.938707], 
              [0.00519751, 0.975459, 0.0103773, 0.00896733], 
              [0.0254606, 0.611197, 0.131484, 0.23186], 
              [0.933523, 0.0240427, 0.0230997, 0.0193338], 
              [0.015564, 0.017445, 0.959437, 0.0075534], 
              [0.940591, 0.0311113, 0.0136752, 0.0146221], 
              [0.912318, 0.0193299, 0.0235717, 0.0447806], 
              [0.314796, 0.211593, 0.221017, 0.252594], 
              [0.310084, 0.208765, 0.180962, 0.300189]
            ],
            "pos": 133,
            "neg": 1149,
            "tp": 2,
            "fp": 2,
            "positive_thresh": 133,
            "true_positive_thresh": 17.4092,
            "number_of_tests": 195,
            "corrected_pvalue": "1.00e0",
            "evalue": "1.43e2"
          }, {
            "db": 0,
            "id": "MA0447.1",
            "alt": "gt",
            "len": 10,
            "motif_evalue": 0,
            "motif_nsites": 60,
            "url": "http://jaspar.genereg.net/matrix/MA0447.1",
            "pwm": [
              [0.466376, 0.0835408, 0.41632, 0.0337631], 
              [0.000485529, 0.000346417, 0.000346417, 0.998822], 
              [0.0171248, 0.0169857, 0.0502632, 0.915627], 
              [0.898988, 0.000346417, 0.10018, 0.000485529], 
              [0.000485529, 0.88221, 0.000346417, 0.116958], 
              [0.116958, 0.000346417, 0.88221, 0.000485529], 
              [0.000485529, 0.10018, 0.000346417, 0.898988], 
              [0.915627, 0.0502632, 0.0169857, 0.0171248], 
              [0.998822, 0.000346417, 0.000346417, 0.000485529], 
              [0.0337631, 0.41632, 0.0835408, 0.466376]
            ],
            "pos": 133,
            "neg": 1149,
            "tp": 10,
            "fp": 54,
            "positive_thresh": 133,
            "true_positive_thresh": 1.51105,
            "number_of_tests": 89,
            "corrected_pvalue": "1.00e0",
            "evalue": "1.43e2"
          }, {
            "db": 0,
            "id": "MA0085.1",
            "alt": "Su(H)",
            "len": 16,
            "motif_evalue": 0,
            "motif_nsites": 10,
            "url": "http://jaspar.genereg.net/matrix/MA0085.1",
            "pwm": [
              [0.101899, 0.299091, 0.299091, 0.299919], 
              [0.00288914, 0.398101, 0.00206135, 0.596949], 
              [0.00288914, 0.00206135, 0.99216, 0.00288914], 
              [0.00288914, 0.00206135, 0.00206135, 0.992988], 
              [0.00288914, 0.00206135, 0.99216, 0.00288914], 
              [0.299919, 0.00206135, 0.695131, 0.00288914], 
              [0.00288914, 0.00206135, 0.99216, 0.00288914], 
              [0.992988, 0.00206135, 0.00206135, 0.00288914], 
              [0.992988, 0.00206135, 0.00206135, 0.00288914], 
              [0.497939, 0.497111, 0.00206135, 0.00288914], 
              [0.101899, 0.695131, 0.101071, 0.101899], 
              [0.101899, 0.200081, 0.398101, 0.299919], 
              [0.398929, 0.200081, 0.200081, 0.200909], 
              [0.299919, 0.101071, 0.398101, 0.200909], 
              [0.398929, 0.299091, 0.200081, 0.101899], 
              [0.200909, 0.101071, 0.200081, 0.497939]
            ],
            "pos": 133,
            "neg": 1149,
            "tp": 9,
            "fp": 49,
            "positive_thresh": 133,
            "true_positive_thresh": 2.68412,
            "number_of_tests": 81,
            "corrected_pvalue": "1.00e0",
            "evalue": "1.43e2"
          }, {
            "db": 0,
            "id": "MA0254.1",
            "alt": "vvl",
            "len": 6,
            "motif_evalue": 0,
            "motif_nsites": 11,
            "url": "http://jaspar.genereg.net/matrix/MA0254.1",
            "pwm": [
              [0.00262886, 0.182056, 0.00187565, 0.81344], 
              [0.99362, 0.00187565, 0.00187565, 0.00262886], 
              [0.182809, 0.182056, 0.00187565, 0.63326], 
              [0.00262886, 0.00187565, 0.542417, 0.453079], 
              [0.272899, 0.722597, 0.00187565, 0.00262886], 
              [0.99362, 0.00187565, 0.00187565, 0.00262886]
            ],
            "pos": 133,
            "neg": 1149,
            "tp": 46,
            "fp": 302,
            "positive_thresh": 133,
            "true_positive_thresh": 1.11184,
            "number_of_tests": 466,
            "corrected_pvalue": "1.00e0",
            "evalue": "1.43e2"
          }, {
            "db": 0,
            "id": "MA0241.1",
            "alt": "ro",
            "len": 7,
            "motif_evalue": 0,
            "motif_nsites": 23,
            "url": "http://jaspar.genereg.net/matrix/MA0241.1",
            "pwm": [
              [0.044553, 0.520382, 0.130772, 0.304294], 
              [0.00126322, 0.000901285, 0.000901285, 0.996934], 
              [0.996934, 0.000901285, 0.000901285, 0.00126322], 
              [0.996934, 0.000901285, 0.000901285, 0.00126322], 
              [0.00126322, 0.000901285, 0.000901285, 0.996934], 
              [0.00126322, 0.000901285, 0.130772, 0.867064], 
              [0.823774, 0.000901285, 0.174061, 0.00126322]
            ],
            "pos": 133,
            "neg": 1149,
            "tp": 7,
            "fp": 23,
            "positive_thresh": 133,
            "true_positive_thresh": 3.99838,
            "number_of_tests": 462,
            "corrected_pvalue": "1.00e0",
            "evalue": "1.43e2"
          }, {
            "db": 0,
            "id": "MA0253.1",
            "alt": "vnd",
            "len": 9,
            "motif_evalue": 0,
            "motif_nsites": 19,
            "url": "http://jaspar.genereg.net/matrix/MA0253.1",
            "pwm": [
              [0.210952, 0.00109004, 0.105802, 0.682157], 
              [0.0538842, 0.419939, 0.0534465, 0.472732], 
              [0.00152777, 0.00109004, 0.00109004, 0.996292], 
              [0.00152777, 0.786431, 0.105802, 0.10624], 
              [0.996292, 0.00109004, 0.00109004, 0.00152777], 
              [0.996292, 0.00109004, 0.00109004, 0.00152777], 
              [0.00152777, 0.00109004, 0.995854, 0.00152777], 
              [0.10624, 0.00109004, 0.00109004, 0.89158], 
              [0.472732, 0.00109004, 0.52465, 0.00152777]
            ],
            "pos": 133,
            "neg": 1149,
            "tp": 3,
            "fp": 5,
            "positive_thresh": 133,
            "true_positive_thresh": 15.3042,
            "number_of_tests": 328,
            "corrected_pvalue": "1.00e0",
            "evalue": "1.43e2"
          }, {
            "db": 0,
            "id": "MA0452.2",
            "alt": "Kr",
            "len": 14,
            "motif_evalue": 0,
            "motif_nsites": 1296,
            "url": "http://jaspar.genereg.net/matrix/MA0452.2",
            "pwm": [
              [0.138129, 0.325608, 0.183644, 0.352618], 
              [0.158189, 0.145838, 0.168213, 0.52776], 
              [0.116526, 0.297833, 0.0563387, 0.529303], 
              [0.962911, 1.60633e-05, 1.60633e-05, 0.0370567], 
              [0.833291, 0.16667, 1.60633e-05, 2.25139e-05], 
              [0.00850986, 0.902724, 1.60633e-05, 0.0887507], 
              [2.25139e-05, 0.908125, 1.60633e-05, 0.0918364], 
              [2.25139e-05, 0.999939, 1.60633e-05, 2.25139e-05], 
              [2.25139e-05, 0.155868, 1.60633e-05, 0.844093], 
              [2.25139e-05, 1.60633e-05, 1.60633e-05, 0.999945], 
              [2.25139e-05, 0.0872003, 1.60633e-05, 0.912761], 
              [0.0872068, 0.307862, 0.178243, 0.426688], 
              [0.245374, 0.248454, 0.219906, 0.286265], 
              [0.162819, 0.334867, 0.168984, 0.33333]
            ],
            "pos": 133,
            "neg": 1149,
            "tp": 8,
            "fp": 39,
            "positive_thresh": 133,
            "true_positive_thresh": 3.62236,
            "number_of_tests": 131,
            "corrected_pvalue": "1.00e0",
            "evalue": "1.43e2"
          }, {
            "db": 0,
            "id": "MA0210.1",
            "alt": "ara",
            "len": 5,
            "motif_evalue": 0,
            "motif_nsites": 34,
            "url": "http://jaspar.genereg.net/matrix/MA0210.1",
            "pwm": [
              [0.411413, 0.000610548, 0.147238, 0.440738], 
              [0.675343, 0.000610548, 0.000610548, 0.323436], 
              [0.997923, 0.000610548, 0.000610548, 0.000855728], 
              [0.000855728, 0.997678, 0.000610548, 0.000855728], 
              [0.997923, 0.000610548, 0.000610548, 0.000855728]
            ],
            "pos": 133,
            "neg": 1149,
            "tp": 9,
            "fp": 32,
            "positive_thresh": 133,
            "true_positive_thresh": 1.80714,
            "number_of_tests": 673,
            "corrected_pvalue": "1.00e0",
            "evalue": "1.43e2"
          }, {
            "db": 0,
            "id": "MA0015.1",
            "alt": "Cf2",
            "len": 10,
            "motif_evalue": 0,
            "motif_nsites": 80,
            "url": "http://jaspar.genereg.net/matrix/MA0015.1",
            "pwm": [
              [0.312474, 0.162557, 0.499636, 0.0253331], 
              [0.0128487, 0.0252287, 0.0127443, 0.949178], 
              [0.924209, 0.0252287, 0.0501975, 0.000364299], 
              [0.000364299, 0.112619, 0.0501975, 0.836819], 
              [0.974147, 0.0252287, 0.000259921, 0.000364299], 
              [0.0128487, 0.0501975, 0.0127443, 0.924209], 
              [0.512224, 0.0252287, 0.449698, 0.0128487], 
              [0.0253331, 0.112619, 0.0127443, 0.849303], 
              [0.662037, 0.0377131, 0.249948, 0.0503019], 
              [0.150177, 0.362307, 0.187526, 0.29999]
            ],
            "pos": 133,
            "neg": 1149,
            "tp": 46,
            "fp": 304,
            "positive_thresh": 133,
            "true_positive_thresh": 1.57251,
            "number_of_tests": 452,
            "corrected_pvalue": "1.00e0",
            "evalue": "1.43e2"
          }, {
            "db": 0,
            "id": "MA0010.1",
            "alt": "br",
            "len": 14,
            "motif_evalue": 0,
            "motif_nsites": 9,
            "url": "http://jaspar.genereg.net/matrix/MA0010.1",
            "pwm": [
              [0.332877, 0.112178, 0.441848, 0.113097], 
              [0.113097, 0.112178, 0.112178, 0.662548], 
              [0.552658, 0.222068, 0.112178, 0.113097], 
              [0.772438, 0.00228788, 0.112178, 0.113097], 
              [0.332877, 0.00228788, 0.00228788, 0.662548], 
              [0.662548, 0.00228788, 0.00228788, 0.332877], 
              [0.442767, 0.112178, 0.441848, 0.00320663], 
              [0.772438, 0.00228788, 0.112178, 0.113097], 
              [0.113097, 0.881409, 0.00228788, 0.00320663], 
              [0.992218, 0.00228788, 0.00228788, 0.00320663], 
              [0.882328, 0.00228788, 0.112178, 0.00320663], 
              [0.552658, 0.00228788, 0.331958, 0.113097], 
              [0.442767, 0.00228788, 0.00228788, 0.552658], 
              [0.222987, 0.331958, 0.222068, 0.222987]
            ],
            "pos": 133,
            "neg": 1149,
            "tp": 17,
            "fp": 83,
            "positive_thresh": 133,
            "true_positive_thresh": 5.29346,
            "number_of_tests": 650,
            "corrected_pvalue": "1.00e0",
            "evalue": "1.43e2"
          }, {
            "db": 0,
            "id": "MA0530.1",
            "alt": "cnc::maf-S",
            "len": 15,
            "motif_evalue": 0,
            "motif_nsites": 474,
            "url": "http://jaspar.genereg.net/matrix/MA0530.1",
            "pwm": [
              [0.299576, 0.238391, 0.335416, 0.126617], 
              [0.71721, 0.042229, 0.240499, 6.15489e-05], 
              [6.15489e-05, 4.39141e-05, 4.39141e-05, 0.999851], 
              [6.15489e-05, 4.39141e-05, 0.999833, 6.15489e-05], 
              [0.85853, 0.0970694, 0.0443386, 6.15489e-05], 
              [6.15489e-05, 0.615948, 0.168784, 0.215206], 
              [0.168802, 4.39141e-05, 0.356509, 0.474645], 
              [0.164584, 0.453534, 0.189877, 0.192004], 
              [0.286921, 0.0696492, 0.343853, 0.299576], 
              [0.0506839, 4.39141e-05, 0.890151, 0.0591211], 
              [6.15489e-05, 0.999833, 4.39141e-05, 6.15489e-05], 
              [0.776269, 4.39141e-05, 0.223626, 6.15489e-05], 
              [0.280593, 0.270029, 0.208861, 0.240517], 
              [0.466208, 0.132927, 4.39141e-05, 0.400821], 
              [0.451443, 0.0253546, 4.39141e-05, 0.523158]
            ],
            "pos": 133,
            "neg": 1149,
            "tp": 11,
            "fp": 58,
            "positive_thresh": 133,
            "true_positive_thresh": 4.16036,
            "number_of_tests": 176,
            "corrected_pvalue": "1.00e0",
            "evalue": "1.43e2"
          }, {
            "db": 0,
            "id": "MA0460.1",
            "alt": "ttk",
            "len": 9,
            "motif_evalue": 0,
            "motif_nsites": 22,
            "url": "http://jaspar.genereg.net/matrix/MA0460.1",
            "pwm": [
              [0.453809, 0.362933, 0.136689, 0.0465697], 
              [0.996795, 0.000942067, 0.000942067, 0.00132038], 
              [0.00132038, 0.000942067, 0.996417, 0.00132038], 
              [0.00132038, 0.000942067, 0.996417, 0.00132038], 
              [0.996795, 0.000942067, 0.000942067, 0.00132038], 
              [0.00132038, 0.227187, 0.000942067, 0.770551], 
              [0.951546, 0.000942067, 0.000942067, 0.0465697], 
              [0.996795, 0.000942067, 0.000942067, 0.00132038], 
              [0.0465697, 0.227187, 0.136689, 0.589556]
            ],
            "pos": 133,
            "neg": 1149,
            "tp": 1,
            "fp": 0,
            "positive_thresh": 133,
            "true_positive_thresh": 30.1056,
            "number_of_tests": 160,
            "corrected_pvalue": "1.00e0",
            "evalue": "1.43e2"
          }, {
            "db": 0,
            "id": "MA0023.1",
            "alt": "dl(var.2)",
            "len": 10,
            "motif_evalue": 0,
            "motif_nsites": 9,
            "url": "http://jaspar.genereg.net/matrix/MA0023.1",
            "pwm": [
              [0.00320663, 0.112178, 0.771519, 0.113097], 
              [0.00320663, 0.00228788, 0.771519, 0.222987], 
              [0.00320663, 0.00228788, 0.991299, 0.00320663], 
              [0.00320663, 0.00228788, 0.881409, 0.113097], 
              [0.442767, 0.112178, 0.00228788, 0.442767], 
              [0.222987, 0.112178, 0.00228788, 0.662548], 
              [0.00320663, 0.00228788, 0.00228788, 0.992218], 
              [0.00320663, 0.112178, 0.00228788, 0.882328], 
              [0.00320663, 0.991299, 0.00228788, 0.00320663], 
              [0.113097, 0.881409, 0.00228788, 0.00320663]
            ],
            "pos": 133,
            "neg": 1149,
            "tp": 20,
            "fp": 122,
            "positive_thresh": 133,
            "true_positive_thresh": 2.29089,
            "number_of_tests": 200,
            "corrected_pvalue": "1.00e0",
            "evalue": "1.43e2"
          }, {
            "db": 0,
            "id": "MA0228.1",
            "alt": "ind",
            "len": 7,
            "motif_evalue": 0,
            "motif_nsites": 21,
            "url": "http://jaspar.genereg.net/matrix/MA0228.1",
            "pwm": [
              [0.00138295, 0.569708, 0.000986715, 0.427923], 
              [0.00138295, 0.000986715, 0.000986715, 0.996644], 
              [0.996644, 0.000986715, 0.000986715, 0.00138295], 
              [0.996644, 0.000986715, 0.000986715, 0.00138295], 
              [0.00138295, 0.000986715, 0.04838, 0.94925], 
              [0.00138295, 0.000986715, 0.380133, 0.617497], 
              [0.901857, 0.000986715, 0.0957733, 0.00138295]
            ],
            "pos": 133,
            "neg": 1149,
            "tp": 5,
            "fp": 14,
            "positive_thresh": 133,
            "true_positive_thresh": 4.22953,
            "number_of_tests": 487,
            "corrected_pvalue": "1.00e0",
            "evalue": "1.43e2"
          }, {
            "db": 0,
            "id": "MA0016.1",
            "alt": "usp",
            "len": 10,
            "motif_evalue": 0,
            "motif_nsites": 38,
            "url": "http://jaspar.genereg.net/matrix/MA0016.1",
            "pwm": [
              [0.000765888, 0.0267934, 0.971675, 0.000765888], 
              [0.0270128, 0.000546448, 0.945428, 0.0270128], 
              [0.000765888, 0.000546448, 0.997922, 0.000765888], 
              [0.000765888, 0.000546448, 0.997922, 0.000765888], 
              [0.000765888, 0.000546448, 0.000546448, 0.998141], 
              [0.000765888, 0.945428, 0.0267934, 0.0270128], 
              [0.919401, 0.000546448, 0.0792862, 0.000765888], 
              [0.132, 0.656715, 0.0792862, 0.132], 
              [0.132, 0.21052, 0.577974, 0.0795057], 
              [0.158246, 0.263014, 0.420494, 0.158246]
            ],
            "pos": 133,
            "neg": 1149,
            "tp": 1,
            "fp": 1,
            "positive_thresh": 133,
            "true_positive_thresh": 133.075,
            "number_of_tests": 89,
            "corrected_pvalue": "1.00e0",
            "evalue": "1.43e2"
          }, {
            "db": 0,
            "id": "MA0451.1",
            "alt": "kni",
            "len": 12,
            "motif_evalue": 0,
            "motif_nsites": 26,
            "url": "http://jaspar.genereg.net/matrix/MA0451.1",
            "pwm": [
              [0.729087, 0.0391123, 0.077426, 0.154375], 
              [0.958972, 0.0391123, 0.000797689, 0.00111802], 
              [0.614145, 0.000797689, 0.000797689, 0.384259], 
              [0.192689, 0.345625, 0.230683, 0.231003], 
              [0.00111802, 0.154054, 0.0391123, 0.805715], 
              [0.805715, 0.000797689, 0.192369, 0.00111802], 
              [0.00111802, 0.000797689, 0.996966, 0.00111802], 
              [0.652459, 0.000797689, 0.307311, 0.0394327], 
              [0.0394327, 0.115741, 0.690453, 0.154375], 
              [0.00111802, 0.996966, 0.000797689, 0.00111802], 
              [0.958972, 0.000797689, 0.0391123, 0.00111802], 
              [0.192689, 0.460567, 0.268997, 0.0777463]
            ],
            "pos": 133,
            "neg": 1149,
            "tp": 5,
            "fp": 18,
            "positive_thresh": 133,
            "true_positive_thresh": 14.2992,
            "number_of_tests": 247,
            "corrected_pvalue": "1.00e0",
            "evalue": "1.43e2"
          }, {
            "db": 0,
            "id": "MA0446.1",
            "alt": "fkh",
            "len": 11,
            "motif_evalue": 0,
            "motif_nsites": 27,
            "url": "http://jaspar.genereg.net/matrix/MA0446.1",
            "pwm": [
              [0.111778, 0.000768254, 0.000768254, 0.886686], 
              [0.185578, 0.000768254, 0.812577, 0.00107676], 
              [0.00107676, 0.000768254, 0.000768254, 0.997387], 
              [0.00107676, 0.000768254, 0.000768254, 0.997387], 
              [0.00107676, 0.000768254, 0.0376686, 0.960486], 
              [0.480781, 0.000768254, 0.517374, 0.00107676], 
              [0.148678, 0.480473, 0.0745689, 0.296279], 
              [0.222479, 0.259071, 0.111469, 0.40698], 
              [0.00107676, 0.406672, 0.0745689, 0.517682], 
              [0.849785, 0.000768254, 0.0376686, 0.111778], 
              [0.554583, 0.14837, 0.14837, 0.148678]
            ],
            "pos": 133,
            "neg": 1149,
            "tp": 4,
            "fp": 9,
            "positive_thresh": 133,
            "true_positive_thresh": 14.212,
            "number_of_tests": 561,
