<!DOCTYPE HTML>
<html>
  <head>
    <meta charset="UTF-8">
    <title>AME results</title>
    <script type="text/javascript">
      //@JSON_VAR data
      var data = {
        "version": "5.1.0",
        "revision": "371987126514c06b76cc423634bbdd2f97fb48cc",
        "release": "Fri Oct 11 15:53:28 2019 -0700",
        "program": "AME",
        "cmd": [
          "ame", "--evalue-report-threshold", "1000", "--o", "c1",
          "--hit-lo-fraction", "0.3", "--control",
          "/home/ellora/projects/oksm_sen/ubi/c1_deg.fa",
          "/home/ellora/projects/oksm_sen/ubi/c1.fa",
          "/home/ellora/projects/faxdc2/ame/jaspar_insects.txt"
        ],
        "options": {
          "scoring": "avg_odds",
          "positive_list": "FASTA",
          "pvalue_method": "Fisher's exact test",
          "pseudocount": 0.1,
          "fisher_fasta_threshold": 0.001,
          "hit_lo_fraction": 0.3,
          "evalue_report_threshold": 1000,
          "noseq": false,
          "log_fscores": false,
          "log_pwmscores": false,
          "linreg_switchxy": true,
          "fix_partition": true,
          "partition": "number of primary sequences",
          "kmer": 2
        },
        "motif_dbs": [
          {
            "source": "/home/ellora/projects/faxdc2/ame/jaspar_insects.txt",
            "count": 143
          }
        ],
        "alphabet": {
          "name": "DNA",
          "like": "dna",
          "ncore": 4,
          "symbols": [
            {
              "symbol": "A",
              "name": "Adenine",
              "colour": "CC0000",
              "complement": "T"
            }, {
              "symbol": "C",
              "name": "Cytosine",
              "colour": "0000CC",
              "complement": "G"
            }, {
              "symbol": "G",
              "name": "Guanine",
              "colour": "FFB300",
              "complement": "C"
            }, {
              "symbol": "T",
              "aliases": "U",
              "name": "Thymine",
              "colour": "008000",
              "complement": "A"
            }, {
              "symbol": "N",
              "aliases": "X.",
              "name": "Any base",
              "equals": "ACGT"
            }, {
              "symbol": "V",
              "name": "Not T",
              "equals": "ACG"
            }, {
              "symbol": "H",
              "name": "Not G",
              "equals": "ACT"
            }, {
              "symbol": "D",
              "name": "Not C",
              "equals": "AGT"
            }, {
              "symbol": "B",
              "name": "Not A",
              "equals": "CGT"
            }, {
              "symbol": "M",
              "name": "Amino",
              "equals": "AC"
            }, {
              "symbol": "R",
              "name": "Purine",
              "equals": "AG"
            }, {
              "symbol": "W",
              "name": "Weak",
              "equals": "AT"
            }, {
              "symbol": "S",
              "name": "Strong",
              "equals": "CG"
            }, {
              "symbol": "Y",
              "name": "Pyrimidine",
              "equals": "CT"
            }, {
              "symbol": "K",
              "name": "Keto",
              "equals": "GT"
            }
          ]
        },
        "background": {
          "source": "--sequences--",
          "file": "/home/ellora/projects/oksm_sen/ubi/c1.fa",
          "frequencies": [0.290346, 0.209654, 0.209654, 0.290346]
        },
        "sequence_db": {
          "source": "/home/ellora/projects/oksm_sen/ubi/c1.fa",
          "count": 300,
          "skipped": 0,
          "fasta_scores": false
        },
        "control_db": {
          "source": "/home/ellora/projects/oksm_sen/ubi/c1_deg.fa",
          "count": 982,
          "skipped": 0
        },
        "min_sequence_score": 3.7968e-09,
        "max_sequence_score": 160585,
        "max_median_sequence_score": 1.63221,
        "motifs": [
          {
            "db": 0,
            "id": "MA1459.1",
            "alt": "M1BP",
            "len": 18,
            "motif_evalue": 0,
            "motif_nsites": 1461,
            "url": "http://jaspar.genereg.net/matrix/MA1459.1",
            "pwm": [
              [0.254622, 0.285416, 0.299789, 0.160173], 
              [0.308692, 0.301842, 0.296366, 0.0931005], 
              [0.23409, 0.22108, 0.141689, 0.403141], 
              [0.464054, 0.236822, 0.212183, 0.0869409], 
              [0.0369783, 0.566027, 0.0369728, 0.360022], 
              [0.0246592, 0.00343611, 0.966409, 0.0054955], 
              [0.00412659, 0.00206721, 0.978044, 0.0157618], 
              [0.00138878, 0.112943, 0.0417635, 0.843905], 
              [0.0472446, 0.939033, 0.00343611, 0.0102862], 
              [0.945882, 0.019862, 0.0116496, 0.0226053], 
              [0.000703825, 0.947246, 0.00275216, 0.0492975], 
              [0.895236, 0.0102806, 0.0123335, 0.0821503], 
              [0.000703825, 0.953406, 0.00138326, 0.0445068], 
              [0.0397162, 0.0889883, 0.00822779, 0.863068], 
              [0.199185, 0.049292, 0.64268, 0.108842], 
              [0.260098, 0.329219, 0.204654, 0.206029], 
              [0.249832, 0.268305, 0.193019, 0.288843], 
              [0.251885, 0.313477, 0.208761, 0.225877]
            ],
            "pos": 300,
            "neg": 982,
            "tp": 8,
            "fp": 1,
            "positive_thresh": 300,
            "true_positive_thresh": 1655.9,
            "number_of_tests": 222,
            "corrected_pvalue": "1.32e-2",
            "evalue": "1.89e0"
          }, {
            "db": 0,
            "id": "MA0532.1",
            "alt": "Stat92E",
            "len": 15,
            "motif_evalue": 0,
            "motif_nsites": 118,
            "url": "http://jaspar.genereg.net/matrix/MA0532.1",
            "pwm": [
              [0.127257, 0.423548, 0.203395, 0.245801], 
              [0.203464, 0.186461, 0.499754, 0.110322], 
              [0.228866, 0.296536, 0.347341, 0.127257], 
              [0.770779, 0.00864535, 0.144124, 0.0764523], 
              [0.398214, 0.000177522, 0.228798, 0.372811], 
              [0.000245848, 0.00864535, 0.00864535, 0.982464], 
              [0.000245848, 0.0509815, 0.000177522, 0.948595], 
              [0.000245848, 0.897722, 0.000177522, 0.101855], 
              [0.000245848, 0.567494, 0.118721, 0.313539], 
              [0.322007, 0.177993, 0.254199, 0.245801], 
              [0.34741, 0.0171122, 0.592895, 0.042583], 
              [0.000245848, 0.00864535, 0.990863, 0.000245848], 
              [0.957062, 0.000177522, 0.0171122, 0.0256483], 
              [0.999399, 0.000177522, 0.000177522, 0.000245848], 
              [0.533692, 0.0763839, 0.0848518, 0.305073]
            ],
            "pos": 300,
            "neg": 982,
            "tp": 11,
            "fp": 7,
            "positive_thresh": 300,
            "true_positive_thresh": 22.9461,
            "number_of_tests": 204,
            "corrected_pvalue": "1.19e-1",
            "evalue": "1.71e1"
          }, {
            "db": 0,
            "id": "MA0243.1",
            "alt": "sd",
            "len": 12,
            "motif_evalue": 0,
            "motif_nsites": 14,
            "url": "http://jaspar.genereg.net/matrix/MA0243.1",
            "pwm": [
              [0.214825, 0.00148691, 0.568863, 0.214825], 
              [0.569436, 0.0724093, 0.0724093, 0.285747], 
              [0.285747, 0.568863, 0.0724093, 0.0729816], 
              [0.994967, 0.00148691, 0.00148691, 0.00205919], 
              [0.0729816, 0.0724093, 0.00148691, 0.853123], 
              [0.214825, 0.00148691, 0.0724093, 0.711279], 
              [0.00205919, 0.568863, 0.00148691, 0.427591], 
              [0.214825, 0.356097, 0.214253, 0.214825], 
              [0.285747, 0.0724093, 0.143331, 0.498513], 
              [0.356669, 0.427018, 0.214253, 0.00205919], 
              [0.356669, 0.0724093, 0.497941, 0.0729816], 
              [0.285747, 0.214253, 0.285175, 0.214825]
            ],
            "pos": 300,
            "neg": 982,
            "tp": 93,
            "fp": 214,
            "positive_thresh": 300,
            "true_positive_thresh": 1.1788,
            "number_of_tests": 449,
            "corrected_pvalue": "3.17e-1",
            "evalue": "4.54e1"
          }, {
            "db": 0,
            "id": "MA0197.2",
            "alt": "nub",
            "len": 12,
            "motif_evalue": 0,
            "motif_nsites": 29,
            "url": "http://jaspar.genereg.net/matrix/MA0197.2",
            "pwm": [
              [0.0697268, 0.035085, 0.035085, 0.860104], 
              [0.997561, 0.00072046, 0.00072046, 0.000997753], 
              [0.000997753, 0.00072046, 0.00072046, 0.997561], 
              [0.000997753, 0.00072046, 0.859827, 0.138455], 
              [0.000997753, 0.653641, 0.035085, 0.310276], 
              [0.82574, 0.00072046, 0.00072046, 0.172819], 
              [0.963197, 0.00072046, 0.035085, 0.000997753], 
              [0.963197, 0.00072046, 0.00072046, 0.0353623], 
              [0.138455, 0.035085, 0.00072046, 0.82574], 
              [0.207184, 0.172542, 0.275634, 0.344641], 
              [0.653918, 0.172542, 0.035085, 0.138455], 
              [0.138455, 0.103813, 0.516184, 0.241547]
            ],
            "pos": 300,
            "neg": 982,
            "tp": 39,
            "fp": 70,
            "positive_thresh": 300,
            "true_positive_thresh": 3.77192,
            "number_of_tests": 321,
            "corrected_pvalue": "3.92e-1",
            "evalue": "5.60e1"
          }, {
            "db": 0,
            "id": "MA0529.2",
            "alt": "BEAF-32",
            "len": 12,
            "motif_evalue": 0,
            "motif_nsites": 5502,
            "url": "http://jaspar.genereg.net/matrix/MA0529.2",
            "pwm": [
              [0.322064, 0.190476, 0.282805, 0.204655], 
              [0.292984, 0.331696, 0.129227, 0.246093], 
              [0.0979675, 0.0836083, 0.0176335, 0.800791], 
              [0.936193, 0.00927264, 0.0174515, 0.0370816], 
              [0.017817, 0.0203594, 0.0143615, 0.947462], 
              [0.00473119, 0.985628, 0.00236677, 0.00727514], 
              [0.00727514, 0.00236677, 0.985628, 0.00473119], 
              [0.947462, 0.0143615, 0.0203594, 0.017817], 
              [0.0370816, 0.0174515, 0.00927264, 0.936193], 
              [0.800791, 0.0176335, 0.0836083, 0.0979675], 
              [0.246093, 0.129227, 0.331696, 0.292984], 
              [0.204655, 0.282805, 0.190476, 0.322064]
            ],
            "pos": 300,
            "neg": 982,
            "tp": 89,
            "fp": 215,
            "positive_thresh": 300,
            "true_positive_thresh": 1.06359,
            "number_of_tests": 312,
            "corrected_pvalue": "7.11e-1",
            "evalue": "1.02e2"
          }, {
            "db": 0,
            "id": "MA0915.1",
            "alt": "dve",
            "len": 8,
            "motif_evalue": 0,
            "motif_nsites": 1000,
            "url": "http://jaspar.genereg.net/matrix/MA0915.1",
            "pwm": [
              [0.276001, 0.378983, 0.138007, 0.207008], 
              [2.90317e-05, 2.09633e-05, 2.09633e-05, 0.999929], 
              [0.999929, 2.09633e-05, 2.09633e-05, 2.90317e-05], 
              [0.999929, 2.09633e-05, 2.09633e-05, 2.90317e-05], 
              [2.90317e-05, 2.09633e-05, 2.09633e-05, 0.999929], 
              [2.90317e-05, 0.999921, 2.09633e-05, 2.90317e-05], 
              [2.90317e-05, 0.970924, 2.09633e-05, 0.0290261], 
              [0.347994, 0.216999, 0.347986, 0.0870203]
            ],
            "pos": 300,
            "neg": 982,
            "tp": 59,
            "fp": 130,
            "positive_thresh": 300,
            "true_positive_thresh": 1.70979,
            "number_of_tests": 308,
            "corrected_pvalue": "7.66e-1",
            "evalue": "1.10e2"
          }, {
            "db": 0,
            "id": "MA0451.1",
            "alt": "kni",
            "len": 12,
            "motif_evalue": 0,
            "motif_nsites": 26,
            "url": "http://jaspar.genereg.net/matrix/MA0451.1",
            "pwm": [
              [0.729082, 0.0391179, 0.0774315, 0.154369], 
              [0.958966, 0.0391179, 0.000803272, 0.00111244], 
              [0.61414, 0.000803272, 0.000803272, 0.384254], 
              [0.192684, 0.345631, 0.230688, 0.230997], 
              [0.00111244, 0.15406, 0.0391179, 0.80571], 
              [0.80571, 0.000803272, 0.192374, 0.00111244], 
              [0.00111244, 0.000803272, 0.996972, 0.00111244], 
              [0.652453, 0.000803272, 0.307316, 0.0394271], 
              [0.0394271, 0.115746, 0.690459, 0.154369], 
              [0.00111244, 0.996972, 0.000803272, 0.00111244], 
              [0.958966, 0.000803272, 0.0391179, 0.00111244], 
              [0.192684, 0.460573, 0.269003, 0.0777407]
            ],
            "pos": 300,
            "neg": 982,
            "tp": 54,
            "fp": 118,
            "positive_thresh": 300,
            "true_positive_thresh": 1.68996,
            "number_of_tests": 245,
            "corrected_pvalue": "7.76e-1",
            "evalue": "1.11e2"
          }, {
            "db": 0,
            "id": "MA0204.1",
            "alt": "Six4",
            "len": 6,
            "motif_evalue": 0,
            "motif_nsites": 20,
            "url": "http://jaspar.genereg.net/matrix/MA0204.1",
            "pwm": [
              [0.00144451, 0.00104305, 0.00104305, 0.996469], 
              [0.00144451, 0.00104305, 0.996068, 0.00144451], 
              [0.996469, 0.00104305, 0.00104305, 0.00144451], 
              [0.00144451, 0.349302, 0.200048, 0.449206], 
              [0.996469, 0.00104305, 0.00104305, 0.00144451], 
              [0.0511958, 0.946317, 0.00104305, 0.00144451]
            ],
            "pos": 300,
            "neg": 982,
            "tp": 3,
            "fp": 0,
            "positive_thresh": 300,
            "true_positive_thresh": 3.02478,
            "number_of_tests": 227,
            "corrected_pvalue": "9.44e-1",
            "evalue": "1.35e2"
          }, {
            "db": 0,
            "id": "MA1461.1",
            "alt": "sv",
            "len": 17,
            "motif_evalue": 0,
            "motif_nsites": 998,
            "url": "http://jaspar.genereg.net/matrix/MA1461.1",
            "pwm": [
              [0.187385, 0.314618, 0.238474, 0.259522], 
              [0.00203289, 0.273541, 0.444866, 0.27956], 
              [0.0581393, 0.735418, 0.0040286, 0.202414], 
              [0.645902, 0.0150645, 0.312929, 0.0261045], 
              [0.152319, 0.284561, 0.383751, 0.17937], 
              [0.00103099, 0.323636, 0.0050305, 0.670303], 
              [0.00203089, 0.640598, 0.356341, 0.00102999], 
              [0.93487, 0.0020228, 0.0590741, 0.00403269], 
              [0.375743, 0.0290761, 0.0681502, 0.52703], 
              [0.00102999, 0.129137, 0.868803, 0.00102999], 
              [0.00103099, 0.98389, 0.0030267, 0.0120519], 
              [0.10623, 0.0010229, 0.891716, 0.00103099], 
              [0.00404069, 0.0020268, 0.0080442, 0.985888], 
              [0.128273, 0.0010229, 0.869673, 0.00103099], 
              [0.946828, 0.0020248, 0.0130457, 0.0381013], 
              [0.0250516, 0.971896, 0.0020228, 0.00102999], 
              [0.071164, 0.213427, 0.670295, 0.0451146]
            ],
            "pos": 300,
            "neg": 982,
            "tp": 6,
            "fp": 10,
            "positive_thresh": 300,
            "true_positive_thresh": 1.33919,
            "number_of_tests": 18,
            "corrected_pvalue": "9.44e-1",
            "evalue": "1.35e2"
          }, {
            "db": 0,
            "id": "MA0217.1",
            "alt": "caup",
            "len": 5,
            "motif_evalue": 0,
            "motif_nsites": 19,
            "url": "http://jaspar.genereg.net/matrix/MA0217.1",
            "pwm": [
              [0.210944, 0.0534541, 0.10581, 0.629792], 
              [0.734504, 0.00109766, 0.10581, 0.158588], 
              [0.996285, 0.00109766, 0.00109766, 0.00152014], 
              [0.00152014, 0.995862, 0.00109766, 0.00152014], 
              [0.996285, 0.00109766, 0.00109766, 0.00152014]
            ],
            "pos": 300,
            "neg": 982,
            "tp": 6,
            "fp": 3,
            "positive_thresh": 300,
            "true_positive_thresh": 2.06203,
            "number_of_tests": 506,
            "corrected_pvalue": "9.69e-1",
            "evalue": "1.39e2"
          }, {
            "db": 0,
            "id": "MA0013.1",
            "alt": "br(var.4)",
            "len": 11,
            "motif_evalue": 0,
            "motif_nsites": 6,
            "url": "http://jaspar.genereg.net/matrix/MA0013.1",
            "pwm": [
              [0.168695, 0.167372, 0.00343695, 0.660498], 
              [0.660498, 0.00343695, 0.00343695, 0.332628], 
              [0.332628, 0.00343695, 0.659175, 0.00475977], 
              [0.168695, 0.00343695, 0.00343695, 0.824432], 
              [0.824432, 0.00343695, 0.167372, 0.00475977], 
              [0.988366, 0.00343695, 0.00343695, 0.00475977], 
              [0.824432, 0.00343695, 0.167372, 0.00475977], 
              [0.168695, 0.49524, 0.167372, 0.168695], 
              [0.496563, 0.00343695, 0.167372, 0.332628], 
              [0.824432, 0.00343695, 0.00343695, 0.168695], 
              [0.496563, 0.167372, 0.00343695, 0.332628]
            ],
            "pos": 300,
            "neg": 982,
            "tp": 46,
            "fp": 94,
            "positive_thresh": 300,
            "true_positive_thresh": 3.83932,
            "number_of_tests": 808,
            "corrected_pvalue": "9.72e-1",
            "evalue": "1.39e2"
          }, {
            "db": 0,
            "id": "MA0010.1",
            "alt": "br",
            "len": 14,
            "motif_evalue": 0,
            "motif_nsites": 9,
            "url": "http://jaspar.genereg.net/matrix/MA0010.1",
            "pwm": [
              [0.332861, 0.112194, 0.441864, 0.113081], 
              [0.113081, 0.112194, 0.112194, 0.662532], 
              [0.552642, 0.222084, 0.112194, 0.113081], 
              [0.772422, 0.00230389, 0.112194, 0.113081], 
              [0.332861, 0.00230389, 0.00230389, 0.662532], 
              [0.662532, 0.00230389, 0.00230389, 0.332861], 
              [0.442751, 0.112194, 0.441864, 0.00319062], 
              [0.772422, 0.00230389, 0.112194, 0.113081], 
              [0.113081, 0.881425, 0.00230389, 0.00319062], 
              [0.992202, 0.00230389, 0.00230389, 0.00319062], 
              [0.882312, 0.00230389, 0.112194, 0.00319062], 
              [0.552642, 0.00230389, 0.331974, 0.113081], 
              [0.442751, 0.00230389, 0.00230389, 0.552642], 
              [0.222971, 0.331974, 0.222084, 0.222971]
            ],
            "pos": 300,
            "neg": 982,
            "tp": 166,
            "fp": 459,
            "positive_thresh": 300,
            "true_positive_thresh": 1.13152,
            "number_of_tests": 662,
            "corrected_pvalue": "9.74e-1",
            "evalue": "1.39e2"
          }, {
            "db": 0,
            "id": "MA0085.1",
            "alt": "Su(H)",
            "len": 16,
            "motif_evalue": 0,
            "motif_nsites": 10,
            "url": "http://jaspar.genereg.net/matrix/MA0085.1",
            "pwm": [
              [0.101885, 0.299105, 0.299105, 0.299904], 
              [0.00287471, 0.398115, 0.00207578, 0.596934], 
              [0.00287471, 0.00207578, 0.992175, 0.00287471], 
              [0.00287471, 0.00207578, 0.00207578, 0.992974], 
              [0.00287471, 0.00207578, 0.992175, 0.00287471], 
              [0.299904, 0.00207578, 0.695145, 0.00287471], 
              [0.00287471, 0.00207578, 0.992175, 0.00287471], 
              [0.992974, 0.00207578, 0.00207578, 0.00287471], 
              [0.992974, 0.00207578, 0.00207578, 0.00287471], 
              [0.497924, 0.497125, 0.00207578, 0.00287471], 
              [0.101885, 0.695145, 0.101086, 0.101885], 
              [0.101885, 0.200096, 0.398115, 0.299904], 
              [0.398914, 0.200096, 0.200096, 0.200895], 
              [0.299904, 0.101086, 0.398115, 0.200895], 
              [0.398914, 0.299105, 0.200096, 0.101885], 
              [0.200895, 0.101086, 0.200096, 0.497924]
            ],
            "pos": 300,
            "neg": 982,
            "tp": 25,
            "fp": 53,
            "positive_thresh": 300,
            "true_positive_thresh": 1.1813,
            "number_of_tests": 80,
            "corrected_pvalue": "9.76e-1",
            "evalue": "1.40e2"
          }, {
            "db": 0,
            "id": "MA0242.1",
            "alt": "Bgb::run",
            "len": 9,
            "motif_evalue": 0,
            "motif_nsites": 29,
            "url": "http://jaspar.genereg.net/matrix/MA0242.1",
            "pwm": [
              [0.413369, 0.0694495, 0.00072046, 0.516461], 
              [0.928832, 0.00072046, 0.035085, 0.0353623], 
              [0.963197, 0.00072046, 0.035085, 0.000997753], 
              [0.000997753, 0.997284, 0.00072046, 0.000997753], 
              [0.000997753, 0.96292, 0.035085, 0.000997753], 
              [0.172819, 0.035085, 0.791098, 0.000997753], 
              [0.000997753, 0.997284, 0.00072046, 0.000997753], 
              [0.963197, 0.00072046, 0.00072046, 0.0353623], 
              [0.688283, 0.00072046, 0.309999, 0.000997753]
            ],
            "pos": 300,
            "neg": 982,
            "tp": 16,
            "fp": 26,
            "positive_thresh": 300,
            "true_positive_thresh": 14.8444,
            "number_of_tests": 195,
            "corrected_pvalue": "9.85e-1",
            "evalue": "1.41e2"
          }, {
            "db": 0,
            "id": "MA0239.1",
            "alt": "prd",
            "len": 9,
            "motif_evalue": 0,
            "motif_nsites": 21,
            "url": "http://jaspar.genereg.net/matrix/MA0239.1",
            "pwm": [
              [0.475309, 0.190567, 0.000993621, 0.333129], 
              [0.0487694, 0.190567, 0.664501, 0.0961627], 
              [0.190949, 0.0957803, 0.0957803, 0.61749], 
              [0.949243, 0.000993621, 0.000993621, 0.0487694], 
              [0.996637, 0.000993621, 0.000993621, 0.00137605], 
              [0.00137605, 0.996254, 0.000993621, 0.00137605], 
              [0.333129, 0.23796, 0.143174, 0.285736], 
              [0.00137605, 0.000993621, 0.996254, 0.00137605], 
              [0.238343, 0.190567, 0.0957803, 0.475309]
            ],
            "pos": 300,
            "neg": 982,
            "tp": 20,
            "fp": 33,
            "positive_thresh": 300,
            "true_positive_thresh": 2.51813,
            "number_of_tests": 379,
            "corrected_pvalue": "9.89e-1",
            "evalue": "1.41e2"
          }, {
            "db": 0,
            "id": "MA0126.1",
            "alt": "ovo",
            "len": 9,
            "motif_evalue": 0,
            "motif_nsites": 21,
            "url": "http://jaspar.genereg.net/matrix/MA0126.1",
            "pwm": [
              [0.475309, 0.190567, 0.000993621, 0.333129], 
              [0.0487694, 0.190567, 0.664501, 0.0961627], 
              [0.190949, 0.0957803, 0.0957803, 0.61749], 
              [0.949243, 0.000993621, 0.000993621, 0.0487694], 
              [0.996637, 0.000993621, 0.000993621, 0.00137605], 
              [0.00137605, 0.996254, 0.000993621, 0.00137605], 
              [0.333129, 0.23796, 0.143174, 0.285736], 
              [0.00137605, 0.000993621, 0.996254, 0.00137605], 
              [0.238343, 0.190567, 0.0957803, 0.475309]
            ],
            "pos": 300,
            "neg": 982,
            "tp": 20,
            "fp": 33,
            "positive_thresh": 300,
            "true_positive_thresh": 2.51813,
            "number_of_tests": 379,
            "corrected_pvalue": "9.89e-1",
            "evalue": "1.41e2"
          }, {
            "db": 0,
            "id": "MA0458.1",
            "alt": "slp1",
            "len": 11,
            "motif_evalue": 0,
            "motif_nsites": 41,
            "url": "http://jaspar.genereg.net/matrix/MA0458.1",
            "pwm": [
              [0.195354, 0.0735031, 0.341142, 0.390001], 
              [0.000706438, 0.000510107, 0.000510107, 0.998273], 
              [0.0736994, 0.000510107, 0.925084, 0.000706438], 
              [0.000706438, 0.000510107, 0.000510107, 0.998273], 
              [0.000706438, 0.000510107, 0.0248408, 0.973943], 
              [0.000706438, 0.000510107, 0.0491714, 0.949612], 
              [0.657641, 0.000510107, 0.0978337, 0.244015], 
              [0.0250371, 0.53579, 0.170827, 0.268347], 
              [0.414332, 0.195157, 0.365474, 0.0250371], 
              [0.0980301, 0.316812, 0.0735031, 0.511655], 
              [0.36567, 0.0735031, 0.0978337, 0.462994]
            ],
            "pos": 300,
            "neg": 982,
            "tp": 115,
            "fp": 299,
            "positive_thresh": 300,
            "true_positive_thresh": 2.08714,
            "number_of_tests": 725,
            "corrected_pvalue": "9.93e-1",
            "evalue": "1.42e2"
          }, {
            "db": 0,
            "id": "MA0210.1",
            "alt": "ara",
            "len": 5,
            "motif_evalue": 0,
            "motif_nsites": 34,
            "url": "http://jaspar.genereg.net/matrix/MA0210.1",
            "pwm": [
              [0.411409, 0.000614821, 0.147243, 0.440734], 
              [0.675339, 0.000614821, 0.000614821, 0.323432], 
              [0.997919, 0.000614821, 0.000614821, 0.000851455], 
              [0.000851455, 0.997682, 0.000614821, 0.000851455], 
              [0.997919, 0.000614821, 0.000614821, 0.000851455]
            ],
            "pos": 300,
            "neg": 982,
            "tp": 41,
            "fp": 84,
            "positive_thresh": 300,
            "true_positive_thresh": 1.57706,
            "number_of_tests": 685,
            "corrected_pvalue": "9.94e-1",
            "evalue": "1.42e2"
          }, {
            "db": 0,
            "id": "MA0233.1",
            "alt": "mirr",
            "len": 5,
            "motif_evalue": 0,
            "motif_nsites": 41,
            "url": "http://jaspar.genereg.net/matrix/MA0233.1",
            "pwm": [
              [0.487325, 0.0248408, 0.0248408, 0.462994], 
              [0.706302, 0.000510107, 0.0491714, 0.244015], 
              [0.998273, 0.000510107, 0.000510107, 0.000706438], 
              [0.000706438, 0.998077, 0.000510107, 0.000706438], 
              [0.998273, 0.000510107, 0.000510107, 0.000706438]
            ],
            "pos": 300,
            "neg": 982,
            "tp": 7,
            "fp": 5,
            "positive_thresh": 300,
            "true_positive_thresh": 2.26906,
            "number_of_tests": 719,
            "corrected_pvalue": "9.99e-1",
            "evalue": "1.43e2"
          }, {
            "db": 0,
            "id": "MA0234.1",
            "alt": "oc",
            "len": 6,
            "motif_evalue": 0,
            "motif_nsites": 19,
            "url": "http://jaspar.genereg.net/matrix/MA0234.1",
            "pwm": [
              [0.00152014, 0.00109766, 0.00109766, 0.996285], 
              [0.996285, 0.00109766, 0.00109766, 0.00152014], 
              [0.996285, 0.00109766, 0.00109766, 0.00152014], 
              [0.00152014, 0.00109766, 0.10581, 0.891573], 
              [0.00152014, 0.995862, 0.00109766, 0.00152014], 
              [0.00152014, 0.89115, 0.0534541, 0.0538766]
            ],
            "pos": 300,
            "neg": 982,
            "tp": 14,
            "fp": 21,
            "positive_thresh": 300,
            "true_positive_thresh": 2.63622,
            "number_of_tests": 385,
            "corrected_pvalue": "9.99e-1",
            "evalue": "1.43e2"
          }, {
            "db": 0,
            "id": "MA0535.1",
            "alt": "Mad",
            "len": 15,
            "motif_evalue": 0,
            "motif_nsites": 102,
            "url": "http://jaspar.genereg.net/matrix/MA0535.1",
            "pwm": [
              [0.000284374, 0.470332, 0.460538, 0.0688442], 
              [0.343085, 0.254858, 0.127532, 0.274526], 
              [0.000284374, 0.137326, 0.862105, 0.000284374], 
              [0.343085, 0.000205342, 0.548688, 0.108022], 
              [0.000284374, 0.999226, 0.000205342, 0.000284374], 
              [0.000284374, 0.000205342, 0.999226, 0.000284374], 
              [0.225554, 0.636836, 0.000205342, 0.137405], 
              [0.000284374, 0.695602, 0.30383, 0.000284374], 
              [0.28432, 0.000205342, 0.71519, 0.000284374], 
              [0.28432, 0.382184, 0.333212, 0.000284374], 
              [0.108022, 0.519304, 0.245063, 0.127611], 
              [0.28432, 0.000205342, 0.71519, 0.000284374], 
              [0.117816, 0.470332, 0.264652, 0.147199], 
              [0.313702, 0.333212, 0.156915, 0.19617], 
              [0.108022, 0.274446, 0.617247, 0.000284374]
            ],
            "pos": 300,
            "neg": 982,
            "tp": 39,
            "fp": 87,
            "positive_thresh": 300,
            "true_positive_thresh": 9.12068,
            "number_of_tests": 364,
            "corrected_pvalue": "1.00e0",
            "evalue": "1.43e2"
          }, {
            "db": 0,
            "id": "MA0916.1",
            "alt": "Ets21C",
            "len": 8,
            "motif_evalue": 0,
            "motif_nsites": 999,
            "url": "http://jaspar.genereg.net/matrix/MA0916.1",
            "pwm": [
              [0.00102996, 0.996918, 0.00102188, 0.00102996], 
              [0.00102896, 0.996921, 0.00102088, 0.00102896], 
              [0.00102896, 0.00102088, 0.996921, 0.00102896], 
              [0.00102896, 0.00102088, 0.996921, 0.00102896], 
              [0.996929, 0.00102088, 0.00102088, 0.00102896], 
              [0.896939, 0.00102088, 0.00102088, 0.101019], 
              [0.332996, 0.00102088, 0.664954, 0.00102896], 
              [0.00102896, 0.285992, 0.00102088, 0.711958]
            ],
            "pos": 300,
            "neg": 982,
            "tp": 15,
            "fp": 29,
            "positive_thresh": 300,
            "true_positive_thresh": 7.73996,
            "number_of_tests": 138,
            "corrected_pvalue": "1.00e0",
            "evalue": "1.43e2"
          }, {
            "db": 0,
            "id": "MA0536.1",
            "alt": "pnr",
            "len": 11,
            "motif_evalue": 0,
            "motif_nsites": 869,
            "url": "http://jaspar.genereg.net/matrix/MA0536.1",
            "pwm": [
              [0.0943836, 0.207135, 0.00577746, 0.692704], 
              [0.922827, 2.41231e-05, 2.41231e-05, 0.0771245], 
              [3.34077e-05, 0.0368439, 0.00117499, 0.961948], 
              [3.34077e-05, 0.999909, 2.41231e-05, 3.34077e-05], 
              [3.34077e-05, 2.41231e-05, 0.999909, 3.34077e-05], 
              [0.999918, 2.41231e-05, 2.41231e-05, 3.34077e-05], 
              [3.34077e-05, 2.41231e-05, 2.41231e-05, 0.999918], 
              [0.667391, 2.41231e-05, 0.100128, 0.232458], 
              [0.141559, 2.41231e-05, 0.60985, 0.248567], 
              [0.0667687, 0.319895, 0.223243, 0.390093], 
              [0.104739, 0.314142, 0.126592, 0.454526]
            ],
            "pos": 300,
            "neg": 982,
            "tp": 78,
            "fp": 202,
            "positive_thresh": 300,
            "true_positive_thresh": 1.53137,
            "number_of_tests": 322,
            "corrected_pvalue": "1.00e0",
            "evalue": "1.43e2"
          }, {
            "db": 0,
            "id": "MA0452.2",
            "alt": "Kr",
            "len": 14,
            "motif_evalue": 0,
            "motif_nsites": 1296,
            "url": "http://jaspar.genereg.net/matrix/MA0452.2",
            "pwm": [
              [0.138129, 0.325608, 0.183644, 0.352618], 
              [0.158189, 0.145838, 0.168213, 0.52776], 
              [0.116525, 0.297833, 0.0563388, 0.529303], 
              [0.962911, 1.61758e-05, 1.61758e-05, 0.0370565], 
              [0.833291, 0.16667, 1.61758e-05, 2.24015e-05], 
              [0.00850975, 0.902725, 1.61758e-05, 0.0887506], 
              [2.24015e-05, 0.908125, 1.61758e-05, 0.0918363], 
              [2.24015e-05, 0.999939, 1.61758e-05, 2.24015e-05], 
              [2.24015e-05, 0.155868, 1.61758e-05, 0.844093], 
              [2.24015e-05, 1.61758e-05, 1.61758e-05, 0.999945], 
              [2.24015e-05, 0.0872004, 1.61758e-05, 0.912761], 
              [0.0872067, 0.307862, 0.178243, 0.426687], 
              [0.245373, 0.248454, 0.219906, 0.286265], 
              [0.162819, 0.334867, 0.168984, 0.33333]
            ],
            "pos": 300,
            "neg": 982,
            "tp": 12,
            "fp": 22,
            "positive_thresh": 300,
            "true_positive_thresh": 5.00834,
            "number_of_tests": 131,
            "corrected_pvalue": "1.00e0",
            "evalue": "1.43e2"
          }, {
            "db": 0,
            "id": "MA1456.1",
            "alt": "Dref",
            "len": 10,
            "motif_evalue": 0,
            "motif_nsites": 3112,
            "url": "http://jaspar.genereg.net/matrix/MA1456.1",
            "pwm": [
              [0.261569, 0.196658, 0.351859, 0.189913], 
              [0.254178, 0.33033, 0.11472, 0.300771], 
              [9.32959e-06, 6.73674e-06, 6.73674e-06, 0.999977], 
              [0.999977, 6.73674e-06, 6.73674e-06, 9.32959e-06], 
              [9.32959e-06, 6.73674e-06, 6.73674e-06, 0.999977], 
              [9.32959e-06, 0.999975, 6.73674e-06, 9.32959e-06], 
              [9.32959e-06, 6.73674e-06, 0.999975, 9.32959e-06], 
              [0.999977, 6.73674e-06, 6.73674e-06, 9.32959e-06], 
              [0.117937, 0.053347, 0.0392085, 0.789508], 
              [0.58643, 0.0604158, 0.147496, 0.205659]
            ],
            "pos": 300,
            "neg": 982,
            "tp": 83,
            "fp": 218,
            "positive_thresh": 300,
            "true_positive_thresh": 1.28774,
            "number_of_tests": 338,
            "corrected_pvalue": "1.00e0",
            "evalue": "1.43e2"
          }, {
            "db": 0,
            "id": "MA0450.1",
            "alt": "hkb",
            "len": 9,
            "motif_evalue": 0,
            "motif_nsites": 32,
            "url": "http://jaspar.genereg.net/matrix/MA0450.1",
            "pwm": [
              [0.0943624, 0.000653128, 0.561401, 0.343584], 
              [0.250126, 0.000653128, 0.748317, 0.000904505], 
              [0.000904505, 0.000653128, 0.997538, 0.000904505], 
              [0.000904505, 0.000653128, 0.997538, 0.000904505], 
              [0.000904505, 0.997538, 0.000653128, 0.000904505], 
              [0.000904505, 0.000653128, 0.997538, 0.000904505], 
              [0.000904505, 0.000653128, 0.0941111, 0.904331], 
              [0.000904505, 0.000653128, 0.966385, 0.0320572], 
              [0.748568, 0.0941111, 0.0629584, 0.0943624]
            ],
            "pos": 300,
            "neg": 982,
            "tp": 34,
            "fp": 80,
            "positive_thresh": 300,
            "true_positive_thresh": 2.89374,
            "number_of_tests": 185,
            "corrected_pvalue": "1.00e0",
            "evalue": "1.43e2"
          }, {
            "db": 0,
            "id": "MA1458.1",
            "alt": "Hsf",
            "len": 12,
            "motif_evalue": 0,
            "motif_nsites": 2122,
            "url": "http://jaspar.genereg.net/matrix/MA1458.1",
            "pwm": [
              [0.3049, 0.172481, 0.19934, 0.323278], 
              [0.25118, 0.209237, 0.198399, 0.341186], 
              [0.034885, 0.0268696, 0.0202729, 0.917972], 
              [0.0202767, 0.017917, 0.0230998, 0.938706], 
              [0.00519744, 0.975459, 0.0103774, 0.00896726], 
              [0.0254605, 0.611197, 0.131484, 0.23186], 
              [0.933523, 0.0240427, 0.0230998, 0.0193338], 
              [0.0155639, 0.0174451, 0.959437, 0.00755333], 
              [0.940591, 0.0311114, 0.0136752, 0.014622], 
              [0.912318, 0.01933, 0.0235718, 0.0447806], 
              [0.314796, 0.211593, 0.221017, 0.252594], 
              [0.310084, 0.208765, 0.180962, 0.300189]
            ],
            "pos": 300,
            "neg": 982,
            "tp": 22,
            "fp": 47,
            "positive_thresh": 300,
            "true_positive_thresh": 5.36462,
            "number_of_tests": 195,
            "corrected_pvalue": "1.00e0",
            "evalue": "1.43e2"
          }, {
            "db": 0,
            "id": "MA0459.1",
            "alt": "tll",
            "len": 10,
            "motif_evalue": 0,
            "motif_nsites": 33,
            "url": "http://jaspar.genereg.net/matrix/MA0459.1",
            "pwm": [
              [0.605107, 0.121479, 0.121479, 0.151934], 
              [0.87701, 0.000633396, 0.121479, 0.000877178], 
              [0.997856, 0.000633396, 0.000633396, 0.000877178], 
              [0.937433, 0.0308448, 0.0308448, 0.000877178], 
              [0.000877178, 0.000633396, 0.997612, 0.000877178], 
              [0.000877178, 0.0610563, 0.000633396, 0.937433], 
              [0.000877178, 0.997612, 0.000633396, 0.000877178], 
              [0.997856, 0.000633396, 0.000633396, 0.000877178], 
              [0.937433, 0.000633396, 0.0308448, 0.0310886], 
              [0.514473, 0.302748, 0.0610563, 0.121723]
            ],
            "pos": 300,
            "neg": 982,
            "tp": 11,
            "fp": 19,
            "positive_thresh": 300,
            "true_positive_thresh": 14.1444,
            "number_of_tests": 219,
            "corrected_pvalue": "1.00e0",
            "evalue": "1.43e2"
          }, {
            "db": 0,
            "id": "MA0237.2",
            "alt": "pan",
            "len": 14,
            "motif_evalue": 0,
            "motif_nsites": 71,
            "url": "http://jaspar.genereg.net/matrix/MA0237.2",
            "pwm": [
              [0.000408363, 0.000294872, 0.478494, 0.520802], 
              [0.000408363, 0.998888, 0.000294872, 0.000408363], 
              [0.000408363, 0.000294872, 0.998888, 0.000408363], 
              [0.000408363, 0.281589, 0.562882, 0.15512], 
              [0.0988617, 0.605077, 0.0424894, 0.253573], 
              [0.15512, 0.140942, 0.267524, 0.436414], 
              [0.0988617, 0.562882, 0.000294872, 0.337961], 
              [0.000408363, 0.422236, 0.211266, 0.36609], 
              [0.000408363, 0.000294872, 0.000294872, 0.999002], 
              [0.000408363, 0.000294872, 0.000294872, 0.999002], 
              [0.000408363, 0.000294872, 0.155007, 0.84429], 
              [0.15512, 0.126878, 0.576948, 0.141055], 
              [0.478608, 0.000294872, 0.295654, 0.225443], 
              [0.309832, 0.000294872, 0.000294872, 0.689579]
            ],
            "pos": 300,
            "neg": 982,
            "tp": 19,
            "fp": 40,
            "positive_thresh": 300,
            "true_positive_thresh": 8.13116,
            "number_of_tests": 219,
            "corrected_pvalue": "1.00e0",
            "evalue": "1.43e2"
          }, {
            "db": 0,
            "id": "MA0246.1",
            "alt": "so",
            "len": 6,
            "motif_evalue": 0,
            "motif_nsites": 27,
            "url": "http://jaspar.genereg.net/matrix/MA0246.1",
            "pwm": [
              [0.00107139, 0.000773631, 0.037674, 0.960481], 
              [0.00107139, 0.000773631, 0.997084, 0.00107139], 
              [0.997381, 0.000773631, 0.000773631, 0.00107139], 
              [0.00107139, 0.000773631, 0.037674, 0.960481], 
              [0.997381, 0.000773631, 0.000773631, 0.00107139], 
